1
17
27
32
47
59
67
83
85
86
87
89
92
101
120
122
130
132
137
139
146
150
156
158
170
172
182
184
185
205
210
232
236
240
241
249
253
265
276
287
328
334
337
346
348
349
350
358
359
362
372
416
427
429
435
439
447
452
470
474
478
481
483
485
488
491
500
505
510
515
516
517
519
528
539
540
542
549
553
561
564
597
605
606
607
611
623
626
630
643
659
666
680
681
688
691
693
702
703
704
713
721
728
734
738
740
751
763
766
770
779
784
791
793
794
802
807
818
819
846
857
867
871
873
887
899
906
913
915
920
925
931
938
942
955
956
965
979
983
985
987
989
993
1000
1002
1005
1017
1020
1029
1032
1039
1041
1047
1056
1057
1077
1078
1079
1080
1081
1095
1098
1109
1118
1128
1136
1150
1189
1202
1217
1218
1230
1232
1237
1239
1243
1251
1264
1266
1268
1275
1288
1293
1299
1300
1309
1312
1318
1323
1347
1351
1354
1358
1361
1373
1381
1383
1391
1394
1396
1401
1406
1407
1415
1417
1418
1420
1426
1427
1429
1431
1432
1433
1436
1445
1451
1453
1456
1459
1471
1478
1487
1491
1522
1532
1543
1545
1546
1550
1551
1555
1558
1564
1578
1589
1590
1594
1602
1607
1612
1621
1625
1628
1645
1646
1662
1663
1664
1680
1688
1719
1726
1744
1771
1780
1781
1782
1802
1807
1808
1809
1811
1838
1842
1844
1846
1855
1860
1865
1880
1885
1892
1908
1916
1917
1926
1928
1937
1946
1965
1966
1975
1986
1995
2000
2005
2017
2018
2022
2023
2025
2031
2043
2049
2057
2063
2065
2067
2074
2077
2084
2094
2096
2105
2120
2140
2142
2152
2170
2180
2195
2206
2217
2220
2227
2234
2236
2241
2242
2248
2263
2266
2274
2286
2289
2291
2295
2310
2315
2322
2324
2325
2328
2331
2334
2344
2351
2354
2363
2366
2377
2380
2383
2399
2408
2417
2422
2440
2447
2449
2475
2494
2498
2505
2509
2533
2534
2538
2558
2561
2583
2600
2628
2630
2646
2647
2648
2649
2654
2660
2662
2671
2672
2673
2674
2675
2680
2684
2691
2701
2710
2718
2736
2739
2741
2744
2758
2764
2773
2776
2779
2785
2795
2803
2812
2821
2831
2832
2852
2854
2860
2872
2875
2879
2880
2883
2892
2897
2903
2910
2911
2926
2930
2950
2956
2969
2974
2982
2985
2988
2990
2995
2998
3000
3011
3031
3032
3037
3040
3049
3051
3056
3067
3069
3070
3093
3095
3106
3113
3118
3133
3135
3136
3137
3141
3156
3157
3162
3170
3187
3188
3203
3204
3225
3227
3241
3245
3251
3282
3288
3289
3294
3300
3301
3304
3306
3314
3316
3325
3326
3344
3353
3373
3380
3382
3383
3387
3389
3399
3403
3405
3415
3416
3417
3428
3430
3445
3447
3459
3465
3468
3474
3481
3483
3489
3495
3500
3506
3510
3513
3521
3522
3528
3529
3533
3538
3557
3558
3573
3577
3583
3584
3595
3597
3602
3606
3609
3628
3631
3639
3642
3644
3645
3647
3652
3655
3657
3659
3661
3667
3668
3672
3675
3690
3693
3699
3704
3718
3720
3721
3722
3725
3726
3727
3732
3753
3758
3762
3765
3767
3769
3780
3789
3812
3814
3822
3826
3830
3832
3835
3839
3845
3855
3856
3882
3889
3898
3900
3911
3912
3923
3933
3935
3946
3950
3956
3970
3973
3977
3978
3986
3995
4005
4008
4015
4016
4027
4035
4036
4039
4044
4045
4047
4048
4057
4058
4062
4076
4084
4089
4091
4092
4093
4099
4106
4119
4120
4128
4133
4134
4136
4143
4144
4145
4146
4161
4164
4171
4172
4181
4183
4196
4216
4226
4227
4231
4242
4243
4247
4248
4251
4268
4280
4284
4298
4313
4329
4331
4332
4335
4342
4347
4359
4361
4380
4390
4398
4400
4414
4417
4421
4426
4427
4431
4436
4441
4449
4473
4480
4489
4491
4495
4504
4510
4516
4524
4527
4533
4535
4536
4539
4550
4562
4569
4579
4580
4584
4597
4600
4601
4608
4610
4614
4618
4624
4628
4629
4643
4644
4656
4657
4663
4664
4678
4680
4698
4699
4700
4709
4714
4718
4719
4727
4759
4767
4788
4791
4805
4806
4813
4816
4817
4818
4819
4823
4853
4862
4865
4884
4885
4894
4896
4898
4901
4907
4931
4946
4947
4955
4957
4962
4964
4968
4973
4985
4987
4988
5001
5011
5016
5023
5035
5041
5046
5047
5053
5054
5076
5079
5081
5088
5092
5099
5101
5103
5117
5139
5145
5148
5149
5150
5151
5154
5155
5158
5159
5180
5187
5189
5209
5213
5238
5249
5255
5265
5290
5292
5300
5301
5306
5317
5328
5329
5341
5349
5351
5362
5373
5376
5377
5383
5388
5398
5399
5416
5423
5424
5432
5433
5434
5449
5458
5468
5475
5478
5482
5485
5495
5505
5512
5514
5519
5520
5528
5533
5536
5537
5539
5543
5551
5572
5580
5586
5587
5592
5599
5621
5628
5633
5638
5649
5650
5657
5659
5662
5665
5669
5674
5688
5690
5695
5697
5702
5704
5720
5734
5735
5739
5747
5760
5766
5767
5787
5793
5804
5810
5815
5820
5821
5825
5829
5831
5832
5837
5857
5859
5865
5871
5886
5889
5915
5922
5928
5929
5935
5940
5956
5958
5962
5965
5969
5972
5978
5986
5988
6002
6038
6047
6059
6073
6083
6088
6091
6096
6100
6109
6122
6142
6146
6171
6172
6178
6182
6190
6203
6204
6206
6208
6210
6217
6218
6220
6224
6225
6227
6231
6237
6239
6251
6255
6258
6280
6284
6286
6300
6303
6306
6307
6322
6330
6347
6348
6349
6350
6351
6372
6383
6384
6391
6397
6410
6411
6419
6424
6429
6433
6444
6446
6450
6451
6454
6455
6463
6464
6465
6468
6470
6474
6481
6482
6485
6486
6487
6500
6507
6512
6519
6521
6523
6524
6530
6534
6536
6538
6541
6548
6551
6569
6571
6575
6579
6592
6600
6604
6605
6632
6636
6640
6641
6652
6653
6656
6663
6664
6666
6668
6697
6699
6705
6706
6711
6722
6728
6731
6747
6758
6767
6803
6807
6817
6826
6828
6833
6840
6851
6853
6863
6877
6879
6882
6889
6897
6902
6904
6911
6936
6945
6948
6958
6961
6968
6971
6972
6982
6984
6990
6992
6994
6995
7002
7006
7012
7018
7025
7037
7041
7056
7059
7063
7066
7077
7083
7084
7087
7088
7090
7091
7095
7098
7102
7109
7111
7113
7118
7119
7120
7128
7135
7136
7137
7148
7149
7156
7159
7170
7188
7192
7194
7195
7197
7214
7229
7243
7246
7247
7257
7265
7276
7293
7300
7318
7324
7330
7333
7337
7344
7350
7352
7366
7369
7388
7391
7394
7409
7417
7420
7423
7428
7437
7450
7465
7469
7470
7480
7486
7489
7496
7520
7523
7525
7528
7529
7535
7537
7538
7539
7544
7562
7565
7570
7576
7580
7585
7603
7604
7615
7620
7624
7629
7633
7637
7642
7644
7657
7684
7696
7698
7700
7702
7707
7717
7726
7730
7731
7732
7733
7734
7735
7737
7748
7763
7764
7777
7778
7784
7794
7797
7798
7804
7830
7838
7850
7854
7858
7864
7868
7888
7890
7900
7903
7910
7918
7921
7922
7924
7932
7941
7958
7960
7975
7977
7984
7986
7998
8004
8005
8014
8024
8031
8032
8040
8063
8068
8075
8088
8104
8115
8137
8153
8160
8168
8171
8178
8180
8192
8198
8210
8215
8222
8239
8250
8257
8264
8265
8275
8282
8292
8301
8306
8313
8320
8337
8339
8342
8349
8353
8361
8364
8367
8373
8402
8409
8416
8420
8423
8425
8427
8438
8441
8443
8454
8457
8476
8480
8494
8497
8502
8507
8522
8554
8555
8558
8566
8567
8571
8572
8578
8604
8605
8607
8613
8622
8626
8639
8652
8658
8687
8690
8691
8696
8700
8733
8744
8750
8754
8758
8762
8767
8775
8786
8788
8789
8790
8793
8797
8799
8804
8810
8818
8828
8831
8835
8842
8846
8859
8860
8863
8875
8882
8886
8888
8905
8906
8908
8913
8917
8939
8943
8947
8960
8964
8967
8968
8978
8985
8986
8988
8996
9008
9010
9012
9017
9020
9033
9049
9065
9072
9115
9121
9136
9139
9146
9148
9151
9160
9168
9174
9177
9180
9185
9219
9221
9228
9245
9249
9263
9271
9280
9282
9293
9306
9310
9315
9326
9361
9364
9374
9389
9390
9394
9396
9405
9416
9420
9423
9431
9436
9450
9456
9466
9478
9479
9481
9490
9496
9504
9507
9516
9520
9523
9524
9531
9543
9562
9567
9597
9612
9623
9625
9633
9665
9676
9680
9681
9692
9693
9697
9703
9708
9710
9717
9720
9723
9726
9729
9740
9745
9749
9769
9805
9806
9808
9815
9823
9828
9846
9848
9849
9850
9855
9856
9858
9866
9867
9889
9893
9901
9904
9910
9915
9924
9925
9927
9935
9940
9944
9955
9958
9992
9998
10001
10006
10012
10022
10027
10044
10059
10064
10078
10079
10081
10083
10087
10095
10104
10108
10115
10119
10136
10145
10154
10161
10167
10180
10181
10195
10199
10204
10208
10221
10232
10235
10237
10244
10258
10264
10269
10274
10284
10287
10288
10289
10293
10300
10308
10309
10311
10317
10349
10352
10357
10369
10370
10374
10376
10392
10408
10416
10419
10424
10429
10431
10439
10455
10462
10464
10473
10474
10479
10501
10505
10507
10509
10510
10522
10542
10551
10559
10567
10570
10573
10575
10576
10578
10586
10587
10588
10592
10604
10612
10613
10617
10623
10636
10642
10643
10646
10653
10660
10666
10669
10670
10681
10686
10690
10694
10695
10702
10712
10724
10728
10729
10738
10741
10749
10753
10763
10772
10773
10793
10803
10812
10823
10828
10829
10830
10839
10840
10848
10849
10855
10864
10874
10887
10902
10913
10941
10959
10961
10978
11000
11006
11008
11034
11066
11070
11078
11081
11095
11096
11112
11113
11118
11142
11160
11163
11165
11174
11176
11209
11231
11235
11248
11258
11267
11277
11278
11281
11297
11305
11307
11308
11318
11328
11350
11354
11363
11372
11390
11393
11397
11403
11408
11412
11416
11427
11450
11453
11459
11464
11471
11475
11476
11477
11479
11483
11492
11493
11502
11511
11512
11521
11524
11535
11536
11539
11541
11544
11562
11569
11570
11573
11575
11589
11597
11604
11611
11613
11614
11620
11621
11622
11626
11640
11655
11669
11680
11686
11693
11695
11703
11709
11710
11720
11727
11737
11745
11746
11759
11761
11766
11778
11781
11794
11796
11797
11822
11849
11853
11866
11880
11886
11892
11896
11932
11940
11942
11943
11950
11966
11981
11992
11994
12014
12065
12069
12070
12075
12085
12086
12087
12112
12115
12119
12132
12133
12135
12136
12137
12141
12147
12154
12161
12164
12168
12175
12179
12190
12191
12209
12221
12227
12228
12238
12242
12245
12253
12259
12262
12267
12269
12276
12282
12299
12303
12306
12312
12318
12321
12327
12338
12358
12376
12379
12395
12396
12400
12410
12415
12425
12426
12434
12450
12460
12463
12468
12474
12475
12480
12482
12483
12486
12490
12493
12503
12504
12505
12521
12526
12529
12530
12552
12570
12573
12582
12591
12592
12593
12611
12620
12629
12633
12638
12641
12643
12644
12645
12659
12663
12683
12684
12685
12690
12713
12718
12719
12720
12739
12756
12759
12772
12782
12786
12787
12798
12802
12804
12812
12813
12815
12818
12819
12821
12825
12826
12829
12835
12839
12841
12859
12865
12866
12867
12868
12877
12884
12886
12905
12909
12922
12929
12933
12934
12939
12942
12944
12948
12956
12961
12962
12977
12980
12987
12996
12998
13001
13004
13006
13007
13011
13016
13019
13025
13035
13051
13061
13073
13085
13087
13118
13127
13144
13151
13155
13158
13160
13165
13166
13173
13182
13184
13187
13188
13212
13235
13245
13247
13248
13255
13256
13259
13262
13263
13264
13269
13274
13275
13288
13291
13296
13305
13320
13322
13349
13361
13362
13364
13366
13370
13374
13378
13379
13384
13398
13404
13405
13428
13434
13437
13446
13447
13454
13458
13462
13463
13470
13481
13502
13514
13548
13555
13588
13591
13595
13602
13614
13615
13616
13624
13625
13630
13634
13636
13643
13655
13657
13661
13678
13703
13707
13713
13720
13726
13734
13737
13738
13744
13748
13750
13755
13762
13778
13779
13781
13802
13827
13844
13868
13871
13878
13880
13899
13911
13927
13928
13943
13953
13954
13969
13977
13985
13988
13989
13999
14000
14002
14003
14013
14017
14019
14033
14041
14044
14050
14056
14057
14060
14095
14097
14112
14121
14139
14141
14142
14160
14162
14175
14176
14196
14203
14207
14209
14218
14219
14223
14226
14240
14243
14246
14257
14260
14264
14268
14279
14281
14282
14285
14288
14298
14308
14313
14332
14334
14346
14352
14359
14371
14372
14385
14387
14407
14418
14424
14428
14433
14457
14460
14464
14468
14472
14474
14490
14501
14505
14506
14509
14510
14516
14523
14526
14528
14530
14531
14537
14541
14555
14556
14567
14573
14577
14587
14606
14609
14614
14623
14624
14625
14629
14633
14636
14649
14657
14689
14694
14709
14713
14725
14726
14727
14731
14766
14768
14769
14778
14779
14787
14790
14802
14814
14816
14817
14820
14821
14832
14835
14840
14856
14858
14883
14887
14891
14900
14904
14906
14910
14911
14928
14931
14940
14957
14968
14975
14987
15004
15012
15016
15023
15037
15043
15046
15054
15060
15073
15084
15086
15092
15094
15105
15111
15123
15126
15130
15131
15137
15138
15141
15170
15178
15182
15190
15197
15199
15212
15216
15221
15223
15226
15227
15230
15238
15262
15279
15290
15292
15303
15310
15313
15320
15324
15331
15335
15339
15351
15360
15367
15370
15371
15384
15392
15394
15398
15403
15405
15424
15429
15466
15472
15487
15490
15492
15500
15502
15506
15520
15521
15531
15533
15534
15545
15548
15555
15566
15573
15581
15583
15600
15609
15623
15645
15655
15659
15665
15671
15680
15726
15748
15763
15766
15775
15779
15785
15796
15799
15803
15830
15839
15846
15873
15876
15878
15887
15889
15898
15900
15901
15906
15909
15910
15911
15941
15956
15958
15962
15976
15982
15985
15989
15993
15997
16008
16010
16016
16030
16033
16035
16041
16048
16051
16065
16070
16092
16095
16097
16099
16113
16116
16118
16121
16122
16143
16148
16152
16155
16161
16165
16166
16173
16176
16189
16197
16204
16205
16209
16211
16216
16227
16231
16251
16254
16265
16277
16287
16298
16299
16303
16306
16309
16315
16335
16336
16341
16347
16353
16356
16362
16363
16384
16387
16388
16391
16394
16399
16400
16402
16404
16406
16417
16418
16420
16422
16424
16429
16449
16454
16459
16463
16479
16489
16492
16496
16498
16502
16503
16506
16509
16513
16527
16533
16534
16537
16550
16558
16565
16567
16568
16574
16580
16589
16597
16601
16617
16630
16633
16644
16669
16670
16680
16691
16705
16707
16712
16719
16762
16770
16772
16784
16791
16792
16794
16796
16799
16804
16817
16818
16820
16825
16832
16833
16846
16847
16866
16875
16876
16880
16883
16884
16887
16889
16891
16895
16902
16916
16933
16938
16947
16949
16952
16954
16955
16961
16964
16973
16975
16981
16983
16986
16999
17000
17004
17007
17024
17025
17027
17034
17041
17046
17048
17055
17060
17077
17080
17081
17090
17095
17109
17110
17114
17126
17135
17144
17167
17179
17181
17195
17205
17208
17211
17224
17238
17246
17253
17259
17271
17284
17285
17290
17296
17304
17305
17312
17315
17320
17325
17342
17355
17357
17359
17361
17362
17372
17379
17393
17397
17401
17403
17414
17420
17424
17432
17437
17445
17451
17452
17454
17456
17460
17481
17482
17487
17491
17534
17540
17542
17543
17545
17554
17555
17556
17558
17562
17563
17573
17579
17605
17610
17611
17620
17628
17643
17669
17681
17682
17700
17703
17706
17712
17713
17719
17726
17727
17735
17736
17739
17745
17757
17759
17764
17771
17781
17785
17800
17809
17819
17824
17836
17839
17844
17851
17855
17860
17872
17876
17887
17911
17912
17922
17935
17940
17944
17947
17955
17969
17972
17981
17992
17993
17994
18015
18031
18033
18060
18065
18068
18072
18078
18079
18089
18091
18094
18096
18104
18110
18119
18126
18134
18142
18144
18148
18163
18166
18177
18179
18180
18183
18189
18197
18203
18204
18207
18211
18212
18233
18239
18240
18243
18256
18260
18268
18274
18278
18279
18280
18282
18286
18287
18298
18302
18307
18312
18322
18328
18331
18339
18360
18368
18396
18399
18403
18409
18420
18422
18426
18427
18431
18444
18453
18465
18471
18475
18488
18491
18499
18503
18512
18521
18533
18535
18545
18554
18582
18585
18595
18596
18607
18624
18631
18632
18637
18646
18660
18671
18674
18679
18681
18686
18693
18694
18697
18703
18727
18748
18750
18751
18764
18768
18772
18778
18780
18790
18794
18801
18816
18845
18849
18851
18859
18863
18865
18867
18874
18883
18884
18885
18887
18888
18902
18921
18924
18929
18930
18931
18942
18945
18946
18969
18973
18976
18982
18984
18986
18994
19002
19005
19031
19033
19035
19039
19043
19050
19052
19059
19063
19077
19080
19097
19101
19102
19113
19117
19145
19146
19155
19169
19175
19180
19187
19192
19196
19197
19212
19217
19220
19223
19229
19244
19257
19271
19275
19294
19301
19340
19343
19351
19354
19356
19368
19375
19377
19409
19415
19426
19435
19441
19446
19452
19458
19469
19480
19483
19484
19488
19490
19498
19507
19508
19514
19522
19524
19526
19561
19570
19572
19575
19583
19584
19586
19593
19599
19609
19614
19616
19635
19646
19648
19655
19657
19666
19670
19671
19674
19675
19687
19689
19699
19701
19708
19717
19729
19732
19733
19741
19742
19745
19750
19751
19773
19774
19786
19787
19797
19812
19814
19826
19828
19845
19847
19848
19859
19864
19875
19880
19882
19887
19891
19894
19907
19914
19915
19925
19928
19934
19944
19945
19952
19953
19957
19958
19971
19980
19983
19993
20008
20014
20016
20021
20038
20044
20045
20049
20056
20063
20080
20083
20088
20093
20115
20126
20128
20143
20152
20154
20160
20166
20173
20176
20183
20185
20190
20195
20205
20214
20216
20240
20247
20260
20263
20268
20270
20277
20282
20286
20289
20304
20310
20312
20316
20332
20367
20375
20377
20379
20388
20391
20407
20409
20414
20415
20427
20437
20441
20444
20453
20465
20471
20474
20479
20485
20495
20505
20510
20542
20543
20549
20554
20574
20586
20594
20597
20601
20612
20613
20625
20640
20647
20657
20668
20673
20676
20685
20689
20707
20708
20709
20711
20712
20714
20717
20718
20730
20735
20736
20737
20754
20770
20775
20781
20782
20784
20791
20793
20818
20824
20832
20837
20858
20871
20893
20894
20895
20896
20899
20902
20934
20937
20942
20943
20954
20955
20957
20959
20963
20967
20973
20989
20990
20994
20999
21001
21008
21021
21030
21036
21040
21044
21048
21050
21057
21058
21059
21069
21074
21075
21085
21091
21095
21102
21103
21107
21109
21116
21121
21130
21133
21149
21150
21152
21158
21164
21167
21172
21175
21177
21182
21189
21191
21194
21209
21228
21239
21244
21250
21260
21265
21275
21282
21289
21291
21293
21294
21295
21300
21305
21307
21318
21326
21341
21347
21360
21375
21380
21389
21398
21414
21417
21420
21421
21425
21439
21442
21449
21454
21481
21484
21487
21537
21543
21547
21551
21557
21577
21583
21589
21599
21600
21627
21634
21637
21644
21669
21671
21681
21682
21692
21695
21701
21706
21711
21713
21720
21727
21728
21733
21734
21739
21755
21758
21765
21767
21772
21783
21790
21796
21815
21816
21818
21826
21835
21838
21844
21857
21871
21872
21889
21914
21915
21936
21948
21949
21956
21962
21965
21970
21976
21986
21995
22001
22005
22017
22018
22022
22023
22037
22044
22051
22052
22056
22060
22063
22080
22084
22086
22095
22096
22098
22102
22110
22117
22124
22126
22128
22137
22143
22156
22169
22184
22187
22192
22195
22199
22208
22209
22218
22226
22276
22278
22285
22286
22291
22310
22313
22314
22333
22341
22350
22355
22381
22384
22386
22398
22400
22418
22428
22440
22442
22454
22461
22468
22471
22480
22494
22502
22512
22515
22526
22536
22541
22546
22571
22574
22581
22598
22605
22607
22612
22619
22622
22627
22628
22652
22660
22672
22683
22693
22695
22706
22709
22710
22714
22717
22718
22721
22724
22736
22741
22742
22749
22753
22754
22755
22759
22761
22762
22777
22782
22796
22797
22802
22807
22815
22818
22823
22828
22830
22843
22846
22860
22872
22874
22882
22883
22889
22893
22895
22923
22931
22933
22943
22952
22965
22977
22980
22984
22999
23009
23010
23015
23019
23040
23057
23066
23068
23071
23072
23084
23086
23091
23094
23105
23110
23116
23122
23123
23142
23147
23149
23153
23171
23183
23189
23194
23199
23203
23206
23209
23213
23216
23218
23219
23223
23227
23228
23241
23247
23253
23258
23259
23262
23271
23275
23276
23278
23281
23293
23299
23300
23302
23305
23309
23315
23322
23327
23329
23341
23355
23364
23366
23369
23373
23401
23408
23421
23426
23435
23450
23471
23479
23488
23499
23501
23507
23508
23516
23520
23527
23529
23535
23550
23551
23583
23589
23598
23602
23603
23612
23622
23625
23638
23655
23666
23672
23678
23682
23686
23689
23693
23694
23710
23730
23736
23746
23753
23757
23769
23771
23772
23804
23805
23808
23817
23821
23822
23827
23830
23832
23833
23843
23845
23855
23859
23864
23868
23871
23873
23877
23878
23882
23885
23886
23889
23897
23904
23917
23920
23942
23951
23956
23959
23971
23975
23976
23989
23994
24008
24010
24032
24036
24042
24043
24045
24048
24065
24072
24075
24077
24091
24098
24106
24147
24148
24150
24156
24168
24169
24187
24193
24195
24197
24221
24227
24233
24238
24245
24252
24260
24266
24272
24274
24275
24285
24286
24301
24307
24309
24317
24320
24325
24334
24336
24345
24359
24373
24385
24390
24394
24395
24402
24403
24407
24412
24414
24421
24449
24454
24458
24465
24477
24488
24503
24504
24507
24514
24526
24533
24541
24559
24560
24572
24594
24601
24606
24608
24611
24613
24616
24618
24619
24627
24630
24632
24658
24667
24675
24680
24690
24704
24705
24715
24716
24723
24728
24742
24748
24754
24766
24771
24782
24787
24792
24796
24799
24800
24817
24820
24824
24829
24833
24848
24861
24864
24866
24868
24904
24907
24909
24910
24913
24922
24927
24939
24940
24941
24943
24950
24951
24953
24961
24965
24980
24987
24996
25011
25017
25029
25032
25052
25058
25068
25093
25098
25104
25105
25113
25119
25127
25137
25138
25154
25167
25174
25178
25188
25214
25232
25240
25264
25296
25306
25316
25326
25327
25335
25337
25344
25351
25366
25369
25371
25375
25376
25387
25391
25395
25404
25415
25416
25421
25424
25426
25428
25430
25434
25439
25453
25457
25467
25487
25510
25517
25522
25539
25540
25562
25567
25572
25574
25575
25576
25582
25585
25595
25596
25608
25611
25620
25622
25632
25634
25635
25652
25654
25655
25662
25667
25674
25677
25687
25689
25692
25696
25703
25704
25706
25710
25712
25723
25725
25727
25728
25732
25737
25758
25760
25778
25786
25788
25789
25792
25794
25796
25799
25803
25804
25860
25862
25865
25870
25871
25874
25881
25887
25891
25893
25903
25907
25911
25929
25940
25946
25947
25953
25961
25962
25963
25972
25976
25986
25993
25994
26003
26012
26023
26038
26043
26050
26051
26065
26088
26089
26093
26095
26120
26121
26135
26137
26138
26151
26155
26157
26158
26161
26188
26189
26196
26197
26202
26203
26204
26208
26219
26238
26259
26271
26275
26283
26288
26291
26292
26318
26320
26324
26335
26336
26339
26340
26342
26361
26362
26378
26380
26383
26385
26386
26390
26396
26399
26411
26414
26417
26430
26432
26433
26440
26442
26452
26457
26461
26471
26476
26486
26502
26503
26508
26510
26516
26521
26523
26525
26533
26534
26536
26541
26550
26552
26557
26566
26570
26574
26581
26585
26588
26593
26602
26628
26631
26634
26654
26655
26658
26662
26684
26685
26687
26689
26692
26693
26702
26711
26714
26730
26731
26747
26755
26759
26761
26764
26785
26790
26809
26822
26829
26834
26852
26861
26871
26905
26908
26917
26922
26934
26935
26937
26950
26953
26955
26959
26963
26977
26978
26981
26983
27018
27022
27037
27059
27064
27109
27110
27112
27116
27117
27120
27123
27129
27140
27141
27145
27162
27164
27174
27175
27176
27178
27189
27191
27192
27193
27195
27200
27201
27207
27211
27212
27216
27217
27230
27234
27239
27249
27254
27263
27271
27276
27290
27299
27301
27343
27354
27384
27394
27398
27399
27419
27421
27440
27442
27444
27445
27448
27453
27464
27465
27472
27480
27482
27490
27491
27501
27506
27507
27512
27516
27522
27525
27540
27541
27542
27543
27553
27557
27562
27564
27571
27573
27576
27580
27581
27583
27616
27617
27619
27621
27623
27624
27625
27638
27647
27652
27653
27674
27686
27688
27709
27711
27715
27723
27727
27729
27730
27739
27750
27753
27757
27758
27761
27771
27783
27784
27786
27791
27797
27810
27812
27821
27824
27830
27834
27848
27851
27853
27875
27878
27888
27890
27898
27902
27907
27909
27911
27919
27920
27926
27933
27945
27948
27954
27976
27982
27986
27996
28003
28005
28028
28030
28046
28048
28056
28064
28066
28070
28122
28131
28143
28149
28154
28161
28165
28167
28175
28185
28191
28197
28200
28204
28216
28218
28225
28229
28238
28241
28243
28245
28246
28249
28256
28261
28268
28269
28270
28279
28280
28282
28298
28303
28319
28320
28321
28328
28339
28348
28349
28351
28368
28395
28399
28402
28404
28417
28431
28440
28448
28452
28456
28463
28464
28472
28501
28520
28522
28530
28537
28539
28541
28543
28549
28551
28557
28564
28565
28575
28577
28581
28586
28587
28596
28598
28604
28609
28615
28618
28628
28637
28655
28656
28658
28665
28666
28695
28706
28707
28710
28719
28724
28747
28752
28753
28755
28758
28763
28766
28791
28810
28816
28820
28822
28831
28835
28848
28850
28852
28853
28870
28880
28883
28888
28889
28906
28924
28930
28931
28934
28939
28940
28942
28948
28949
28964
28967
28968
28971
28973
28977
28980
28992
29007
29021
29031
29035
29037
29039
29043
29047
29049
29051
29060
29062
29076
29077
29080
29082
29095
29099
29107
29108
29109
29116
29119
29127
29131
29136
29140
29149
29155
29162
29176
29178
29184
29187
29198
29202
29207
29211
29226
29229
29230
29240
29243
29249
29259
29260
29270
29271
29278
29290
29295
29309
29310
29311
29316
29320
29321
29329
29343
29348
29360
29372
29379
29381
29382
29392
29393
29397
29400
29401
29411
29412
29413
29414
29418
29419
29424
29427
29428
29434
29435
29441
29445
29447
29458
29459
29470
29485
29506
29507
29512
29524
29532
29533
29535
29548
29551
29566
29567
29569
29578
29580
29581
29594
29598
29599
29629
29647
29648
29650
29658
29662
29664
29676
29677
29685
29695
29710
29712
29715
29723
29727
29740
29746
29748
29756
29759
29773
29775
29776
29780
29785
29791
29796
29797
29814
29818
29834
29837
29852
29853
29870
29874
29879
29881
29886
29890
29896
29903
29906
29907
29910
29919
29923
29945
29950
29958
29977
29981
29982
29986
29995
30002
30005
30007
30008
30015
30025
30027
30031
30033
30040
30057
30062
30082
30096
30098
30108
30113
30115
30121
30126
30149
30159
30161
30171
30174
30187
30188
30196
30199
30200
30201
30202
30209
30253
30265
30270
30289
30291
30292
30300
30308
30311
30321
30325
30337
30349
30354
30355
30360
30366
30372
30397
30404
30407
30409
30414
30425
30427
30435
30445
30450
30459
30464
30476
30477
30484
30485
30491
30493
30522
30525
30530
30536
30541
30545
30550
30554
30564
30565
30567
30569
30579
30584
30592
30595
30597
30601
30603
30605
30606
30614
30616
30628
30631
30634
30635
30643
30651
30652
30653
30660
30667
30668
30677
30685
30687
30697
30711
30713
30714
30728
30732
30740
30758
30763
30765
30768
30769
30772
30775
30783
30784
30786
30788
30790
30802
30809
30816
30817
30820
30822
30831
30847
30878
30879
30880
30881
30885
30896
30899
30902
30912
30914
30915
30939
30942
30955
30967
30980
30995
31001
31003
31013
31016
31017
31020
31024
31025
31032
31034
31040
31056
31065
31079
31084
31101
31116
31139
31146
31147
31161
31162
31174
31175
31181
31182
31186
31190
31194
31196
31205
31220
31222
31230
31234
31237
31242
31243
31246
31255
31258
31265
31267
31271
31275
31285
31326
31330
31335
31337
31343
31352
31354
31367
31375
31378
31386
31390
31396
31405
31410
31413
31417
31457
31470
31484
31496
31502
31517
31524
31529
31538
31541
31550
31551
31553
31554
31557
31558
31568
31570
31575
31588
31591
31606
31626
31634
31638
31650
31651
31654
31655
31662
31673
31674
31675
31679
31681
31690
31698
31708
31716
31728
31753
31757
31770
31777
31786
31789
31799
31825
31827
31829
31831
31849
31858
31875
31876
31887
31888
31889
31901
31919
31924
31925
31938
31947
31951
31958
31959
31964
31974
31982
31993
32002
32010
32012
32026
32030
32044
32045
32048
32049
32057
32062
32070
32071
32074
32089
32091
32094
32096
32104
32111
32119
32129
32130
32137
32145
32147
32156
32161
32164
32166
32168
32191
32192
32198
32201
32202
32208
32211
32216
32223
32234
32238
32243
32252
32269
32276
32295
32299
32300
32304
32312
32324
32327
32328
32338
32343
32363
32370
32378
32390
32401
32403
32408
32415
32420
32424
32425
32444
32451
32453
32455
32465
32471
32473
32482
32494
32517
32524
32526
32528
32536
32541
32554
32563
32577
32602
32618
32619
32623
32637
32642
32643
32650
32661
32674
32689
32710
32713
32719
32720
32736
32737
32770
32775
32789
32805
32824
32828
32841
32842
32848
32852
32857
32860
32869
32872
32882
32883
32884
32886
32892
32905
32912
32915
32916
32918
32919
32926
32953
32965
32968
32975
32976
32981
32982
33005
33006
33007
33010
33017
33018
33027
33029
33041
33048
33062
33070
33084
33088
33093
33095
33112
33117
33121
33122
33125
33136
33139
33153
33157
33158
33163
33165
33169
33172
33177
33178
33186
33188
33194
33200
33205
33208
33214
33221
33231
33237
33242
33262
33269
33272
33278
33285
33289
33294
33299
33303
33304
33305
33308
33310
33313
33318
33326
33333
33341
33345
33346
33348
33352
33354
33359
33377
33381
33382
33389
33401
33417
33430
33431
33436
33442
33443
33444
33449
33468
33484
33488
33505
33507
33510
33523
33534
33545
33548
33582
33584
33593
33595
33600
33602
33604
33615
33616
33628
33631
33634
33648
33651
33658
33671
33673
33719
33729
33738
33741
33755
33766
33768
33773
33776
33780
33784
33797
33805
33806
33810
33814
33822
33836
33845
33890
33892
33901
33906
33919
33926
33929
33932
33938
33942
33960
33961
33966
33992
34001
34008
34027
34028
34030
34031
34033
34044
34050
34051
34076
34077
34080
34088
34106
34111
34114
34117
34126
34129
34135
34140
34144
34150
34153
34156
34157
34172
34174
34191
34203
34204
34207
34208
34214
34227
34237
34238
34244
34250
34253
34256
34288
34291
34301
34306
34313
34353
34354
34358
34363
34366
34368
34382
34388
34389
34394
34396
34398
34400
34401
34426
34428
34430
34432
34437
34458
34459
34463
34467
34469
34471
34472
34477
34478
34493
34503
34511
34528
34530
34548
34549
34558
34566
34571
34574
34588
34595
34597
34615
34627
34634
34640
34645
34647
34649
34668
34674
34680
34681
34684
34697
34705
34713
34715
34718
34719
34720
34727
34731
34742
34747
34769
34770
34771
34781
34786
34796
34799
34804
34816
34825
34830
34832
34835
34840
34842
34852
34857
34858
34864
34876
34881
34893
34906
34913
34918
34922
34925
34932
34936
34937
34941
34942
34951
34967
34976
34979
35002
35016
35020
35034
35038
35044
35056
35059
35061
35065
35079
35081
35107
35113
35120
35122
35127
35131
35141
35148
35150
35152
35154
35177
35179
35183
35197
35199
35205
35206
35215
35225
35233
35240
35253
35257
35259
35269
35283
35319
35331
35342
35347
35357
35368
35384
35389
35392
35404
35408
35409
35412
35414
35416
35419
35422
35423
35425
35432
35440
35445
35462
35464
35477
35480
35484
35489
35492
35494
35505
35514
35519
35522
35524
35529
35540
35550
35561
35564
35566
35567
35573
35575
35577
35585
35594
35603
35608
35612
35613
35616
35622
35632
35642
35643
35645
35652
35657
35658
35680
35690
35692
35707
35718
35730
35754
35758
35759
35760
35761
35762
35767
35773
35776
35783
35787
35789
35792
35795
35799
35801
35804
35811
35815
35819
35835
35837
35838
35842
35854
35855
35857
35860
35865
35868
35869
35878
35889
35893
35901
35931
35939
35950
35955
35957
35962
35970
35971
35983
35990
36007
36016
36017
36021
36022
36034
36042
36046
36058
36064
36083
36094
36114
36115
36127
36129
36135
36144
36148
36149
36153
36176
36179
36191
36219
36222
36224
36230
36243
36251
36252
36260
36268
36271
36274
36279
36280
36286
36287
36302
36312
36322
36327
36328
36330
36337
36350
36353
36358
36369
36377
36391
36393
36396
36403
36404
36415
36427
36434
36457
36469
36475
36480
36481
36494
36516
36522
36527
36533
36559
36565
36567
36568
36585
36589
36597
36602
36604
36608
36613
36618
36631
36637
36639
36644
36650
36659
36673
36678
36687
36692
36696
36701
36703
36705
36721
36725
36728
36747
36750
36751
36762
36763
36764
36778
36780
36785
36791
36794
36813
36822
36831
36845
36849
36850
36865
36881
36895
36913
36918
36927
36929
36937
36941
36955
36964
36966
36973
36974
36975
36982
36983
36987
36991
36999
37013
37014
37015
37025
37027
37031
37037
37051
37059
37067
37068
37077
37085
37103
37109
37110
37112
37115
37118
37126
37127
37129
37131
37133
37135
37136
37148
37149
37162
37164
37178
37194
37195
37199
37201
37202
37204
37222
37238
37239
37252
37256
37259
37262
37265
37266
37268
37273
37276
37280
37281
37284
37301
37305
37306
37311
37317
37318
37327
37329
37332
37338
37353
37356
37368
37382
37386
37389
37402
37414
37418
37419
37424
37426
37431
37452
37468
37472
37488
37502
37513
37520
37528
37533
37538
37539
37540
37545
37558
37564
37565
37576
37577
37586
37593
37594
37595
37596
37607
37608
37612
37614
37619
37630
37646
37651
37652
37654
37665
37669
37673
37674
37678
37679
37687
37704
37706
37714
37715
37716
37723
37724
37725
37734
37738
37744
37745
37751
37755
37757
37767
37771
37779
37780
37781
37782
37791
37793
37810
37818
37825
37826
37833
37837
37843
37845
37864
37868
37876
37892
37895
37896
37914
37915
37927
37930
37950
37956
37965
37974
37989
37996
37997
38004
38009
38011
38016
38036
38044
38046
38062
38071
38087
38099
38102
38110
38112
38115
38119
38120
38121
38127
38128
38132
38153
38163
38165
38168
38184
38188
38209
38212
38238
38241
38267
38268
38277
38279
38285
38287
38295
38301
38304
38306
38315
38320
38321
38325
38337
38346
38347
38355
38357
38360
38365
38369
38371
38388
38399
38400
38423
38424
38426
38427
38435
38437
38438
38448
38451
38453
38472
38483
38484
38500
38502
38507
38508
38516
38522
38525
38527
38533
38550
38586
38598
38602
38605
38612
38613
38626
38629
38631
38635
38641
38647
38658
38671
38672
38674
38675
38689
38690
38691
38701
38705
38721
38732
38741
38747
38752
38771
38780
38789
38793
38803
38804
38812
38813
38825
38826
38830
38860
38880
38895
38901
38902
38903
38919
38921
38934
38947
38953
38963
38968
38976
38978
38983
38989
38992
38995
39011
39012
39045
39057
39059
39071
39074
39078
39082
39089
39095
39096
39097
39109
39143
39154
39161
39184
39191
39195
39204
39214
39230
39236
39240
39252
39255
39257
39260
39272
39276
39289
39303
39305
39314
39315
39319
39322
39325
39330
39344
39349
39353
39360
39364
39366
39383
39404
39407
39421
39422
39423
39427
39429
39435
39445
39449
39459
39474
39484
39488
39492
39495
39497
39505
39510
39516
39517
39526
39534
39553
39568
39581
39583
39586
39593
39597
39605
39616
39619
39622
39628
39629
39636
39638
39653
39656
39657
39658
39662
39666
39689
39705
39737
39746
39753
39760
39762
39772
39775
39781
39782
39783
39792
39799
39810
39811
39812
39832
39843
39850
39864
39865
39881
39889
39890
39915
39917
39935
39947
39970
39974
39976
39983
39989
40015
40016
40022
40023
40024
40034
40037
40042
40050
40055
40068
40072
40087
40093
40094
40104
40108
40120
40140
40141
40142
40143
40151
40156
40157
40164
40167
40178
40189
40195
40196
40207
40219
40224
40227
40228
40229
40232
40235
40236
40237
40238
40240
40249
40254
40256
40266
40268
40272
40275
40276
40278
40290
40294
40295
40300
40304
40305
40314
40319
40323
40332
40335
40337
40359
40386
40391
40393
40400
40401
40402
40403
40406
40411
40422
40424
40430
40452
40462
40466
40467
40474
40481
40490
40500
40506
40510
40511
40518
40525
40534
40537
40546
40551
40558
40576
40586
40596
40606
40610
40620
40626
40635
40641
40644
40645
40652
40658
40660
40673
40676
40677
40685
40702
40704
40707
40713
40715
40719
40721
40723
40729
40741
40743
40749
40751
40762
40766
40775
40778
40779
40787
40791
40799
40801
40813
40835
40852
40859
40863
40875
40899
40918
40930
40932
40941
40945
40946
40950
40964
40967
40969
40982
40987
41006
41007
41016
41018
41019
41020
41025
41026
41028
41038
41045
41064
41066
41075
41076
41077
41082
41085
41089
41111
41117
41132
41143
41156
41158
41161
41165
41166
41173
41174
41188
41203
41204
41219
41221
41224
41226
41227
41233
41242
41243
41264
41266
41279
41282
41284
41291
41303
41307
41317
41319
41331
41349
41359
41372
41375
41376
41378
41380
41388
41396
41397
41401
41402
41405
41409
41419
41422
41434
41437
41438
41439
41469
41478
41480
41487
41490
41494
41497
41502
41508
41517
41525
41535
41540
41541
41542
41547
41573
41577
41580
41595
41613
41630
41634
41646
41665
41674
41675
41677
41681
41688
41691
41702
41715
41720
41723
41731
41734
41735
41737
41741
41744
41753
41759
41767
41771
41782
41797
41799
41807
41811
41831
41833
41841
41844
41848
41855
41868
41872
41885
41893
41895
41896
41902
41907
41914
41922
41930
41933
41934
41940
41941
41945
41946
41949
41955
41956
41964
41974
41993
42001
42006
42008
42009
42011
42019
42020
42023
42024
42026
42046
42047
42053
42058
42062
42065
42066
42067
42069
42073
42079
42080
42097
42098
42100
42104
42105
42109
42112
42114
42122
42123
42125
42138
42149
42159
42166
42177
42183
42185
42207
42213
42218
42230
42247
42255
42257
42264
42268
42273
42278
42282
42289
42303
42323
42341
42344
42345
42351
42356
42360
42374
42395
42399
42404
42406
42410
42415
42419
42433
42436
42441
42443
42465
42468
42471
42476
42479
42491
42493
42495
42500
42507
42512
42513
42518
42541
42543
42545
42562
42568
42571
42578
42579
42590
42605
42608
42627
42634
42647
42662
42667
42675
42681
42690
42691
42695
42698
42705
42706
42727
42742
42744
42748
42749
42756
42757
42762
42766
42767
42769
42774
42801
42808
42825
42841
42845
42848
42865
42872
42884
42892
42908
42912
42916
42922
42926
42927
42937
42945
42967
42977
42982
42999
43021
43049
43057
43074
43076
43077
43090
43091
43092
43100
43103
43105
43115
43118
43123
43128
43130
43139
43150
43154
43163
43169
43178
43180
43186
43208
43221
43233
43235
43257
43258
43265
43274
43282
43297
43319
43324
43326
43332
43336
43340
43341
43346
43347
43352
43357
43362
43365
43368
43371
43380
43381
43391
43418
43426
43430
43431
43440
43446
43447
43455
43456
43477
43481
43487
43498
43499
43505
43517
43518
43519
43528
43529
43536
43544
43549
43550
43552
43554
43568
43572
43573
43578
43582
43583
43590
43600
43602
43611
43617
43620
43627
43634
43649
43651
43655
43657
43665
43667
43672
43680
43683
43684
43687
43703
43706
43712
43714
43718
43719
43721
43723
43728
43732
43734
43742
43764
43789
43793
43797
43806
43807
43809
43815
43817
43820
43827
43829
43834
43851
43861
43864
43870
43897
43907
43908
43911
43915
43927
43930
43932
43943
43945
43949
43967
43983
43985
43990
43993
43995
44004
44009
44014
44026
44029
44030
44033
44039
44049
44051
44068
44069
44070
44087
44091
44106
44117
44126
44143
44149
44154
44158
44163
44176
44184
44198
44201
44203
44208
44209
44214
44221
44223
44234
44239
44247
44250
44251
44268
44280
44288
44289
44292
44293
44294
44303
44307
44312
44321
44322
44323
44330
44334
44346
44353
44363
44365
44382
44391
44392
44411
44413
44426
44428
44435
44448
44456
44477
44478
44481
44485
44505
44510
44519
44524
44534
44537
44538
44540
44544
44546
44556
44560
44566
44572
44578
44585
44594
44600
44607
44614
44622
44624
44628
44630
44638
44645
44646
44649
44655
44663
44664
44666
44669
44683
44692
44696
44720
44725
44728
44730
44734
44752
44764
44767
44774
44775
44776
44778
44780
44781
44789
44790
44791
44797
44803
44809
44813
44833
44835
44841
44849
44851
44860
44881
44883
44890
44893
44907
44911
44913
44918
44922
44926
44932
44938
44955
44959
44975
44983
44984
45004
45015
45016
45017
45031
45041
45044
45049
45053
45057
45062
45063
45067
45070
45085
45088
45092
45097
45103
45113
45116
45125
45131
45138
45139
45142
45143
45149
45155
45168
45172
45179
45180
45185
45192
45194
45196
45198
45199
45202
45213
45216
45218
45219
45229
45230
45240
45248
45264
45284
45291
45301
45304
45319
45320
45324
45340
45348
45352
45357
45358
45387
45391
45395
45400
45403
45413
45417
45440
45487
45488
45508
45521
45531
45534
45547
45548
45563
45575
45578
45586
45590
45598
45602
45616
45627
45634
45644
45656
45672
45674
45681
45698
45699
45702
45705
45715
45720
45724
45727
45746
45750
45762
45763
45764
45767
45774
45776
45782
45783
45789
45793
45803
45814
45819
45828
45845
45857
45869
45879
45898
45908
45916
45918
45929
45931
45936
45941
45943
45957
45962
45969
45972
45979
45986
45994
45996
45998
45999
46004
46005
46006
46011
46026
46034
46038
46048
46056
46060
46063
46064
46074
46076
46078
46082
46090
46098
46113
46126
46135
46147
46152
46154
46159
46161
46163
46166
46172
46189
46190
46192
46198
46217
46226
46232
46234
46244
46245
46248
46251
46253
46260
46263
46264
46268
46284
46291
46300
46324
46345
46348
46350
46360
46365
46376
46377
46384
46387
46403
46420
46434
46437
46443
46445
46450
46455
46457
46466
46472
46481
46487
46489
46495
46505
46508
46516
46521
46525
46527
46528
46534
46547
46555
46559
46569
46573
46585
46591
46592
46610
46611
46614
46618
46621
46634
46654
46669
46673
46674
46675
46701
46707
46716
46725
46740
46743
46761
46765
46766
46767
46772
46773
46777
46787
46790
46798
46804
46821
46835
46838
46849
46855
46862
46880
46891
46893
46894
46903
46904
46909
46916
46920
46925
46933
46935
46942
46944
46958
46973
46976
46981
46982
46996
47000
47012
47013
47014
47017
47022
47031
47042
47045
47051
47053
47055
47067
47069
47073
47081
47089
47090
47093
47094
47108
47117
47122
47123
47125
47131
47145
47154
47161
47169
47174
47175
47186
47189
47193
47203
47211
47213
47217
47230
47239
47242
47244
47250
47257
47265
47276
47279
47290
47301
47306
47308
47309
47312
47329
47330
47333
47336
47338
47361
47364
47376
47383
47401
47409
47412
47414
47420
47425
47437
47438
47444
47447
47455
47459
47460
47467
47469
47482
47485
47496
47500
47503
47514
47517
47540
47546
47549
47550
47553
47555
47557
47561
47562
47579
47580
47600
47607
47609
47615
47618
47624
47626
47628
47634
47639
47640
47646
47652
47660
47663
47665
47677
47678
47699
47710
47711
47713
47715
47734
47746
47752
47758
47759
47766
47767
47768
47771
47772
47786
47794
47798
47800
47804
47819
47823
47830
47842
47852
47860
47861
47863
47867
47870
47872
47898
47907
47909
47928
47929
47951
47956
47976
47979
47996
47999
48008
48014
48016
48029
48035
48043
48044
48048
48049
48050
48054
48075
48083
48085
48086
48093
48096
48099
48113
48116
48122
48137
48138
48143
48152
48160
48164
48171
48180
48187
48188
48202
48212
48214
48226
48241
48248
48281
48291
48292
48293
48298
48305
48310
48325
48335
48343
48350
48360
48371
48372
48383
48386
48388
48406
48408
48411
48413
48415
48416
48423
48427
48429
48431
48436
48448
48451
48452
48471
48477
48492
48493
48499
48500
48502
48515
48530
48533
48534
48545
48548
48562
48565
48577
48578
48591
48602
48620
48622
48630
48633
48641
48647
48652
48662
48673
48675
48687
48694
48696
48708
48709
48727
48743
48753
48764
48769
48772
48784
48785
48796
48797
48805
48809
48812
48821
48824
48827
48852
48856
48870
48871
48875
48885
48914
48915
48917
48920
48921
48932
48935
48937
48938
48941
48948
48956
48966
48967
48992
48993
49000
49010
49019
49039
49047
49055
49069
49077
49079
49087
49094
49116
49121
49127
49135
49139
49146
49156
49171
49174
49186
49192
49197
49200
49202
49203
49206
49226
49234
49240
49241
49254
49258
49263
49266
49274
49279
49281
49285
49295
49300
49302
49308
49316
49323
49330
49345
49372
49373
49374
49376
49378
49379
49384
49392
49396
49414
49423
49430
49433
49452
49463
49486
49490
49497
49503
49509
49510
49516
49524
49525
49539
49542
49549
49558
49581
49587
49589
49596
49600
49611
49616
49618
49625
49626
49634
49641
49645
49650
49664
49673
49677
49681
49692
49696
49702
49704
49705
49714
49718
49723
49726
49729
49737
49742
49743
49747
49768
49769
49794
49821
49836
49853
49865
49869
49875
49885
49886
49892
49893
49902
49903
49904
49906
49907
49909
49911
49945
49950
49953
49956
49958
49961
49969
49972
49973
49993
49995
49999
50001
50005
50008
50011
50017
50023
50042
50054
50055
50065
50066
50070
50084
50087
50088
50091
50109
50110
50124
50126
50132
50134
50163
50171
50175
50180
50200
50222
50224
50235
50242
50244
50246
50261
50276
50281
50282
50283
50304
50307
50314
50318
50324
50340
50360
50368
50382
50400
50407
50422
50438
50439
50447
50454
50455
50464
50476
50486
50500
50502
50510
50523
50528
50529
50543
50544
50548
50580
50583
50587
50595
50597
50602
50605
50607
50621
50626
50627
50638
50641
50648
50657
50659
50661
50672
50683
50685
50688
50690
50691
50699
50703
50710
50722
50729
50741
50749
50760
50761
50766
50767
50779
50794
50808
50814
50817
50818
50820
50824
50825
50829
50834
50844
50863
50869
50875
50884
50888
50896
50898
50905
50920
50923
50928
50929
50935
50941
50951
50972
50983
50986
50988
50989
50992
50996
51003
51005
51007
51014
51029
51065
51067
51083
51089
51091
51092
51093
51105
51110
51120
51122
51133
51138
51139
51158
51168
51171
51179
51182
51184
51197
51198
51200
51202
51214
51217
51223
51229
51242
51252
51254
51268
51275
51277
51280
51284
51285
51288
51291
51292
51298
51302
51303
51308
51313
51321
51338
51339
51342
51346
51349
51353
51358
51362
51375
51388
51396
51406
51408
51419
51422
51426
51435
51437
51438
51445
51447
51448
51453
51455
51459
51482
51488
51497
51503
51506
51511
51513
51519
51536
51542
51553
51568
51569
51586
51593
51598
51606
51609
51618
51637
51642
51650
51664
51666
51667
51669
51682
51688
51699
51702
51707
51710
51713
51714
51715
51723
51732
51737
51744
51748
51749
51757
51759
51762
51765
51769
51786
51787
51792
51798
51800
51801
51810
51811
51813
51814
51819
51822
51830
51831
51835
51842
51865
51867
51873
51874
51881
51883
51890
51894
51899
51906
51911
51913
51921
51922
51924
51925
51942
51950
51965
51979
51991
52012
52023
52025
52030
52061
52067
52068
52072
52082
52093
52096
52100
52115
52117
52127
52130
52132
52144
52146
52157
52180
52181
52202
52205
52208
52210
52221
52222
52226
52229
52232
52258
52263
52264
52272
52292
52299
52300
52307
52318
52324
52330
52333
52338
52342
52346
52349
52352
52356
52358
52360
52361
52365
52367
52376
52384
52390
52397
52400
52403
52404
52407
52414
52418
52432
52438
52441
52454
52458
52475
52481
52487
52498
52501
52502
52515
52534
52536
52537
52541
52551
52553
52561
52562
52586
52588
52607
52615
52616
52619
52620
52621
52633
52639
52647
52651
52653
52656
52664
52670
52688
52694
52703
52704
52706
52737
52739
52747
52773
52789
52802
52803
52815
52816
52833
52856
52881
52896
52900
52905
52915
52921
52932
52934
52937
52943
52947
52978
53005
53007
53016
53054
53064
53069
53088
53093
53100
53101
53110
53129
53133
53136
53149
53153
53155
53161
53162
53163
53166
53168
53170
53195
53202
53205
53208
53219
53223
53229
53230
53257
53264
53295
53296
53297
53311
53324
53330
53331
53336
53337
53349
53358
53360
53362
53369
53371
53379
53380
53384
53386
53387
53389
53391
53393
53395
53396
53407
53415
53419
53426
53429
53430
53433
53434
53444
53456
53459
53464
53473
53489
53496
53497
53501
53511
53514
53515
53519
53522
53534
53540
53552
53556
53558
53561
53566
53582
53588
53600
53617
53619
53623
53642
53648
53653
53655
53657
53662
53663
53682
53683
53687
53688
53696
53704
53707
53714
53717
53745
53748
53750
53754
53764
53777
53780
53784
53789
53792
53795
53800
53805
53810
53816
53821
53831
53833
53835
53836
53851
53856
53888
53889
53896
53923
53926
53942
53943
53957
53962
53963
53974
53981
53984
53997
54002
54015
54016
54019
54021
54022
54040
54056
54111
54118
54121
54131
54133
54137
54142
54144
54145
54146
54150
54160
54169
54171
54183
54188
54197
54203
54207
54224
54229
54243
54245
54252
54265
54275
54283
54288
54293
54298
54304
54305
54312
54314
54316
54329
54330
54335
54338
54340
54341
54350
54370
54371
54375
54380
54415
54421
54442
54458
54462
54471
54475
54478
54482
54483
54485
54495
54496
54497
54510
54513
54536
54550
54559
54560
54566
54567
54568
54569
54575
54610
54621
54622
54626
54648
54650
54651
54667
54684
54688
54695
54710
54720
54726
54728
54738
54761
54766
54767
54771
54776
54778
54781
54782
54784
54791
54793
54807
54810
54813
54816
54825
54830
54831
54849
54865
54869
54881
54889
54891
54898
54904
54913
54919
54920
54923
54926
54927
54932
54936
54937
54949
54955
54962
54976
54983
54995
55001
55023
55025
55029
55030
55035
55036
55059
55064
55068
55080
55090
55093
55097
55098
55108
55116
55138
55141
55148
55164
55170
55171
55180
55185
55192
55195
55201
55206
55207
55210
55227
55231
55233
55244
55246
55249
55272
55274
55310
55312
55317
55340
55343
55355
55356
55389
55405
55408
55416
55453
55460
55464
55470
55471
55474
55476
55481
55486
55495
55518
55521
55522
55536
55542
55546
55553
55555
55561
55566
55574
55575
55592
55605
55606
55611
55615
55623
55626
55632
55637
55645
55646
55657
55659
55667
55670
55671
55673
55677
55679
55682
55686
55688
55691
55692
55695
55696
55698
55705
55715
55727
55733
55737
55742
55750
55754
55756
55758
55767
55770
55771
55794
55799
55810
55827
55843
55855
55862
55865
55867
55870
55879
55901
55904
55931
55940
55961
55974
55980
55987
55990
55993
56013
56018
56029
56031
56037
56040
56048
56056
56057
56061
56062
56069
56071
56076
56082
56083
56088
56093
56108
56110
56119
56122
56134
56136
56146
56171
56192
56196
56203
56208
56210
56212
56239
56271
56275
56280
56281
56300
56307
56308
56311
56315
56318
56330
56355
56368
56370
56377
56378
56382
56384
56391
56393
56395
56401
56403
56404
56410
56421
56432
56433
56435
56436
56437
56455
56459
56463
56467
56485
56488
56489
56494
56506
56513
56520
56522
56526
56528
56548
56568
56570
56574
56575
56581
56584
56597
56611
56612
56624
56632
56639
56641
56647
56652
56653
56654
56660
56667
56673
56677
56690
56697
56700
56714
56716
56732
56734
56742
56748
56754
56755
56770
56779
56781
56782
56787
56790
56803
56810
56811
56842
56844
56849
56850
56864
56865
56868
56880
56888
56893
56903
56907
56922
56923
56924
56930
56931
56936
56940
56948
56961
56969
56971
56973
56975
56976
56978
56987
57009
57011
57023
57028
57035
57043
57045
57047
57054
57057
57074
57076
57079
57084
57093
57094
57104
57114
57115
57116
57133
57136
57145
57156
57175
57186
57190
57192
57197
57204
57211
57216
57218
57230
57234
57244
57253
57257
57270
57271
57280
57282
57285
57287
57296
57299
57312
57313
57331
57333
57340
57341
57344
57345
57347
57348
57350
57373
57377
57380
57392
57393
57397
57398
57416
57417
57419
57427
57432
57436
57438
57460
57464
57465
57478
57481
57482
57484
57496
57501
57517
57522
57527
57528
57540
57541
57544
57547
57552
57553
57566
57567
57570
57572
57573
57576
57580
57585
57590
57594
57600
57604
57605
57630
57659
57661
57689
57690
57705
57706
57710
57711
57712
57717
57722
57730
57735
57739
57744
57748
57761
57777
57780
57789
57790
57796
57797
57800
57811
57813
57818
57821
57827
57832
57850
57857
57858
57870
57887
57893
57895
57910
57911
57919
57937
57938
57939
57943
57949
57951
57957
57970
57972
57977
57980
57981
57994
58006
58009
58011
58015
58027
58052
58054
58062
58065
58073
58080
58081
58089
58092
58102
58107
58108
58114
58116
58119
58124
58138
58141
58147
58157
58161
58162
58163
58168
58172
58180
58185
58191
58208
58222
58224
58228
58235
58246
58252
58255
58259
58261
58263
58267
58269
58271
58272
58285
58294
58299
58303
58304
58305
58316
58324
58335
58340
58349
58381
58384
58402
58415
58418
58423
58432
58457
58463
58464
58474
58480
58483
58486
58489
58490
58495
58500
58502
58507
58514
58535
58536
58543
58544
58550
58551
58558
58560
58561
58570
58575
58579
58586
58597
58609
58614
58619
58642
58646
58648
58660
58662
58670
58674
58675
58689
58692
58695
58733
58734
58743
58746
58750
58751
58754
58755
58756
58757
58775
58788
58791
58792
58818
58823
58828
58837
58840
58846
58848
58856
58857
58859
58873
58877
58883
58884
58888
58889
58902
58908
58910
58914
58916
58919
58922
58924
58938
58940
58941
58943
58949
58961
58962
58968
58970
58976
58980
58981
58985
58990
58997
59000
59002
59025
59035
59038
59040
59044
59046
59068
59071
59096
59097
59098
59103
59109
59119
59124
59129
59135
59140
59148
59163
59168
59172
59173
59184
59194
59196
59198
59200
59203
59209
59222
59228
59242
59252
59256
59271
59282
59291
59320
59322
59325
59333
59341
59345
59347
59350
59374
59382
59391
59404
59408
59411
59419
59423
59426
59434
59440
59441
59445
59460
59462
59464
59465
59467
59468
59469
59470
59480
59494
59506
59511
59525
59535
59550
59553
59564
59593
59603
59610
59612
59627
59639
59662
59667
59668
59669
59673
59676
59683
59706
59709
59715
59723
59736
59743
59745
59756
59792
59793
59816
59818
59823
59832
59840
59841
59850
59861
59862
59885
59890
59898
59900
59901
59908
59910
59923
59928
59931
59941
59942
59954
59955
59958
59959
59967
59975
59978
59985
59988
59992
60005
60007
60010
60012
60016
60021
60036
60049
60082
60101
60103
60115
60118
60122
60126
60127
60160
60165
60175
60194
60195
60196
60201
60240
60242
60245
60254
60259
60262
60264
60270
60277
60284
60296
60297
60303
60307
60312
60322
60329
60336
60340
60341
60342
60364
60378
60379
60399
60402
60412
60424
60429
60432
60441
60453
60470
60484
60487
60490
60491
60494
60496
60506
60507
60514
60520
60534
60552
60561
60573
60576
60578
60582
60588
60590
60600
60606
60610
60616
60620
60622
60623
60624
60627
60630
60633
60640
60647
60650
60652
60654
60673
60676
60682
60684
60702
60714
60718
60724
60735
60737
60798
60817
60818
60826
60838
60847
60857
60862
60864
60865
60867
60871
60872
60876
60880
60884
60894
60900
60930
60933
60939
60941
60950
60953
60958
60961
60962
60966
60970
60977
60978
60979
60980
60987
60988
60991
60999
61000
61005
61010
61012
61021
61028
61029
61035
61038
61050
61060
61066
61076
61078
61086
61088
61097
61100
61101
61104
61106
61114
61117
61132
61137
61138
61140
61151
61154
61156
61158
61161
61176
61183
61184
61198
61202
61203
61221
61239
61253
61263
61272
61302
61327
61333
61340
61341
61349
61359
61365
61368
61371
61374
61377
61387
61388
61389
61394
61410
61417
61418
61420
61423
61431
61438
61448
61455
61487
61489
61490
61491
61493
61494
61500
61510
61515
61517
61520
61521
61540
61546
61557
61559
61562
61570
61580
61585
61593
61595
61605
61610
61612
61637
61661
61672
61675
61683
61694
61696
61706
61708
61714
61715
61721
61722
61738
61755
61763
61766
61775
61784
61787
61790
61795
61799
61802
61807
61814
61819
61840
61844
61846
61854
61863
61876
61883
61884
61886
61902
61904
61905
61916
61920
61932
61933
61938
61939
61946
61961
61976
62001
62009
62010
62014
62015
62032
62037
62042
62047
62053
62055
62056
62076
62079
62081
62084
62094
62096
62099
62101
62106
62114
62115
62122
62125
62131
62138
62153
62160
62162
62166
62178
62180
62202
62204
62208
62233
62273
62285
62287
62297
62302
62304
62307
62309
62314
62329
62338
62343
62352
62356
62360
62367
62388
62392
62405
62409
62419
62424
62432
62434
62436
62440
62445
62454
62481
62483
62485
62491
62499
62502
62503
62507
62513
62521
62524
62527
62531
62542
62545
62552
62560
62562
62563
62580
62590
62593
62597
62608
62626
62637
62645
62652
62663
62664
62673
62686
62737
62760
62764
62766
62773
62786
62795
62804
62805
62808
62813
62818
62824
62825
62830
62841
62846
62850
62853
62858
62872
62897
62901
62915
62920
62923
62928
62929
62936
62944
62950
62959
62970
62971
62972
62976
62993
62994
62995
63017
63030
63034
63039
63058
63063
63069
63080
63083
63091
63097
63104
63105
63109
63115
63117
63121
63129
63135
63150
63151
63152
63161
63176
63181
63182
63200
63202
63211
63212
63214
63217
63219
63225
63230
63235
63251
63252
63257
63260
63264
63270
63279
63281
63286
63287
63288
63296
63303
63308
63309
63314
63318
63320
63332
63338
63340
63341
63350
63373
63395
63397
63409
63424
63430
63434
63440
63450
63452
63454
63455
63456
63458
63464
63467
63468
63479
63480
63483
63490
63500
63504
63511
63513
63516
63521
63522
63532
63538
63545
63548
63554
63558
63559
63564
63565
63570
63571
63579
63582
63586
63589
63601
63606
63617
63618
63619
63632
63640
63642
63650
63676
63681
63682
63685
63690
63692
63695
63697
63698
63724
63731
63736
63741
63749
63766
63773
63785
63786
63793
63811
63816
63823
63826
63846
63848
63849
63856
63878
63879
63896
63902
63907
63917
63918
63919
63921
63923
63924
63926
63932
63936
63937
63938
63957
63960
63980
63984
64006
64016
64028
64030
64038
64043
64054
64070
64089
64091
64100
64113
64122
64123
64131
64132
64133
64134
64136
64143
64154
64158
64160
64163
64174
64178
64179
64192
64195
64196
64202
64204
64207
64211
64215
64226
64235
64236
64247
64248
64250
64255
64264
64266
64267
64273
64274
64295
64300
64307
64325
64330
64334
64337
64338
64352
64360
64374
64410
64420
64433
64434
64441
64459
64460
64464
64465
64469
64477
64485
64504
64511
64514
64515
64525
64528
64529
64543
64571
64573
64580
64586
64593
64604
64605
64607
64610
64616
64618
64620
64623
64629
64637
64638
64642
64648
64658
64663
64665
64679
64688
64697
64698
64708
64719
64726
64728
64729
64745
64752
64757
64758
64766
64775
64778
64782
64794
64796
64816
64818
64823
64825
64832
64833
64860
64863
64868
64872
64875
64880
64885
64894
64896
64898
64913
64923
64927
64935
64939
64943
64959
64962
64968
64975
64977
64991
65002
65006
65008
65016
65022
65037
65038
65062
65066
65067
65069
65072
65079
65088
65091
65092
65096
65109
65116
65118
65141
65147
65149
65151
65156
65163
65169
65176
65178
65209
65211
65217
65223
65225
65240
65242
65249
65261
65275
65279
65287
65288
65290
65292
65295
65296
65306
65316
65320
65324
65325
65326
65328
65329
65331
65333
65336
65337
65338
65339
65346
65363
65374
65375
65376
65387
65400
65408
65414
65428
65448
65449
65473
65476
65477
65483
65491
65492
65495
65501
65506
65511
65515
65527
65535
65536
65540
65542
65555
65557
65575
65576
65578
65579
65580
65583
65596
65614
65618
65625
65627
65629
65641
65655
65658
65665
65674
65679
65682
65684
65685
65686
65693
65701
65708
65711
65714
65721
65725
65729
65740
65745
65761
65764
65766
65778
65798
65800
65801
65806
65809
65836
65837
65844
65846
65849
65852
65853
65858
65866
65871
65879
65885
65890
65893
65895
65898
65900
65920
65923
65927
65929
65944
65946
65948
65954
65955
65967
65973
65986
65999
66014
66018
66020
66023
66031
66052
66066
66067
66069
66078
66079
66098
66103
66113
66123
66126
66132
66136
66137
66139
66150
66155
66167
66175
66182
66188
66197
66198
66203
66212
66233
66238
66239
66244
66247
66253
66254
66261
66262
66269
66272
66288
66295
66297
66301
66302
66306
66307
66324
66325
66331
66341
66350
66353
66360
66370
66400
66404
66405
66407
66411
66415
66422
66427
66435
66438
66443
66471
66476
66486
66493
66497
66498
66499
66506
66515
66525
66532
66540
66544
66559
66565
66572
66581
66583
66593
66605
66608
66611
66614
66618
66633
66644
66646
66647
66660
66665
66666
66672
66684
66688
66695
66705
66725
66728
66736
66742
66743
66752
66756
66762
66775
66776
66782
66789
66792
66811
66835
66846
66859
66861
66866
66870
66893
66899
66900
66910
66911
66913
66922
66924
66933
66944
66945
66955
66959
66965
66972
66976
67005
67018
67033
67034
67036
67042
67044
67045
67068
67071
67075
67079
67087
67095
67102
67114
67138
67145
67146
67148
67149
67150
67154
67161
67162
67167
67172
67173
67184
67186
67190
67193
67216
67217
67220
67223
67230
67238
67241
67245
67246
67262
67265
67269
67274
67288
67295
67301
67302
67309
67314
67317
67318
67322
67327
67331
67339
67348
67376
67379
67382
67386
67387
67394
67412
67415
67421
67426
67444
67446
67451
67483
67484
67488
67491
67493
67497
67502
67504
67513
67516
67527
67540
67549
67558
67559
67575
67592
67599
67606
67613
67625
67646
67649
67650
67653
67659
67660
67668
67669
67674
67688
67691
67694
67710
67712
67715
67719
67730
67736
67737
67738
67750
67751
67755
67760
67772
67776
67779
67782
67783
67788
67798
67805
67815
67823
67854
67861
67865
67867
67869
67872
67874
67883
67895
67897
67911
67912
67922
67940
67949
67951
67954
67960
67961
67965
67972
67977
67980
67983
67995
68015
68022
68028
68032
68042
68043
68078
68081
68103
68126
68133
68135
68141
68142
68144
68148
68149
68154
68160
68164
68177
68178
68182
68190
68191
68217
68231
68238
68243
68247
68251
68255
68258
68267
68279
68305
68306
68308
68310
68323
68324
68327
68335
68344
68353
68360
68363
68368
68369
68377
68380
68391
68413
68418
68431
68435
68436
68449
68452
68454
68455
68474
68489
68493
68499
68500
68504
68511
68515
68527
68528
68542
68547
68549
68557
68565
68575
68580
68588
68592
68594
68596
68598
68603
68609
68610
68617
68618
68619
68623
68633
68638
68661
68664
68672
68677
68683
68699
68701
68704
68721
68725
68728
68734
68757
68765
68774
68781
68784
68820
68821
68825
68844
68845
68858
68877
68878
68884
68888
68890
68898
68900
68907
68913
68924
68931
68936
68939
68960
68966
68967
68980
68989
68990
68991
69019
69029
69046
69060
69066
69068
69078
69088
69095
69102
69115
69117
69118
69119
69124
69135
69142
69149
69151
69154
69161
69163
69167
69171
69172
69189
69190
69192
69200
69202
69204
69206
69222
69224
69225
69227
69229
69233
69234
69238
69245
69248
69250
69254
69263
69279
69282
69290
69295
69298
69300
69320
69326
69332
69337
69343
69345
69355
69356
69367
69374
69381
69386
69390
69395
69398
69414
69416
69420
69421
69431
69435
69445
69457
69458
69475
69476
69477
69482
69498
69508
69513
69518
69519
69546
69561
69566
69569
69580
69594
69605
69606
69608
69609
69618
69625
69628
69647
69650
69656
69667
69672
69675
69677
69678
69700
69712
69728
69738
69741
69745
69748
69750
69755
69764
69767
69771
69779
69793
69799
69802
69804
69807
69822
69826
69833
69835
69842
69846
69848
69854
69864
69882
69889
69890
69892
69901
69907
69909
69910
69912
69920
69927
69939
69950
69961
69968
69971
69977
69983
69991
69993
70004
70015
70022
70025
70027
70030
70032
70049
70060
70067
70069
70071
70075
70081
70083
70091
70096
70099
70103
70107
70115
70138
70143
70155
70161
70166
70169
70182
70220
70221
70225
70235
70248
70272
70279
70280
70290
70296
70298
70300
70301
70317
70319
70323
70344
70352
70359
70360
70368
70369
70392
70406
70431
70447
70449
70475
70487
70494
70509
70511
70518
70530
70537
70549
70568
70577
70581
70594
70603
70629
70639
70650
70660
70681
70686
70688
70721
70738
70756
70757
70797
70798
70802
70805
70807
70810
70831
70843
70855
70856
70871
70897
70899
70917
70926
70933
70943
70947
70951
70956
70960
70961
70962
70967
70979
70983
70998
71002
71005
71012
71015
71020
71034
71039
71040
71041
71046
71056
71058
71066
71068
71071
71072
71084
71085
71090
71092
71105
71109
71118
71121
71123
71124
71126
71132
71152
71161
71165
71175
71187
71195
71226
71229
71239
71253
71256
71258
71265
71271
71286
71291
71306
71334
71354
71355
71372
71374
71389
71392
71405
71411
71445
71447
71453
71454
71477
71487
71490
71491
71498
71499
71501
71517
71523
71524
71531
71534
71543
71550
71554
71563
71572
71581
71583
71589
71607
71611
71612
71615
71616
71617
71621
71626
71631
71636
71637
71644
71646
71648
71673
71678
71685
71686
71691
71692
71694
71699
71720
71728
71730
71731
71732
71743
71744
71745
71760
71762
71768
71784
71793
71797
71806
71809
71815
71821
71825
71828
71831
71833
71862
71864
71869
71891
71895
71896
71898
71899
71903
71904
71906
71913
71914
71918
71929
71936
71962
71964
71967
71976
71982
71984
71992
72003
72005
72010
72011
72022
72025
72026
72028
72037
72054
72072
72081
72087
72088
72096
72104
72112
72115
72130
72142
72154
72168
72171
72172
72174
72175
72184
72185
72189
72191
72194
72200
72203
72207
72209
72211
72215
72228
72232
72240
72243
72255
72262
72264
72276
72301
72324
72339
72355
72356
72358
72393
72398
72403
72410
72418
72438
72448
72453
72459
72467
72472
72475
72481
72485
72487
72491
72495
72500
72518
72520
72532
72536
72553
72556
72566
72567
72583
72586
72590
72605
72615
72634
72641
72646
72647
72651
72664
72682
72683
72689
72691
72692
72696
72697
72699
72708
72716
72724
72730
72732
72747
72749
72750
72761
72763
72771
72773
72789
72790
72822
72825
72829
72846
72851
72873
72876
72880
72881
72899
72911
72916
72920
72921
72923
72931
72936
72938
72940
72947
72958
72969
72971
72981
72986
72988
72992
72994
73013
73019
73039
73046
73049
73052
73084
73114
73121
73123
73132
73141
73158
73166
73170
73177
73180
73181
73192
73200
73202
73210
73215
73233
73242
73244
73248
73249
73255
73257
73270
73277
73286
73287
73297
73302
73307
73315
73322
73324
73380
73387
73388
73393
73405
73407
73427
73431
73435
73448
73450
73465
73467
73476
73495
73496
73499
73502
73505
73529
73536
73539
73549
73551
73561
73566
73585
73592
73594
73608
73615
73618
73637
73639
73641
73655
73666
73670
73674
73676
73681
73683
73685
73686
73690
73698
73701
73717
73718
73725
73727
73731
73747
73751
73754
73758
73760
73762
73763
73787
73794
73803
73804
73809
73811
73823
73829
73838
73851
73857
73861
73864
73892
73897
73907
73910
73925
73949
73952
73961
73962
73984
73985
73990
73992
74020
74023
74030
74032
74039
74046
74061
74071
74079
74085
74089
74106
74111
74112
74114
74122
74134
74135
74140
74148
74149
74154
74163
74164
74187
74213
74219
74229
74236
74242
74251
74254
74262
74271
74272
74273
74274
74275
74284
74298
74301
74314
74317
74322
74342
74351
74353
74357
74373
74376
74384
74387
74404
74416
74422
74426
74428
74434
74438
74446
74450
74465
74467
74470
74474
74475
74477
74479
74483
74490
74501
74504
74505
74510
74524
74525
74531
74532
74535
74538
74546
74550
74557
74560
74562
74565
74566
74574
74594
74599
74601
74606
74612
74620
74622
74623
74624
74632
74633
74636
74637
74660
74672
74679
74680
74701
74706
74710
74714
74716
74718
74740
74758
74770
74771
74788
74798
74807
74808
74817
74831
74834
74839
74847
74856
74869
74876
74880
74881
74882
74884
74888
74890
74902
74903
74906
74921
74922
74923
74937
74952
74960
74966
74975
74978
74982
74983
74984
74987
74991
74993
75009
75025
75028
75037
75045
75050
75055
75062
75075
75076
75087
75089
75091
75093
75095
75100
75102
75106
75108
75114
75122
75124
75142
75161
75164
75169
75170
75176
75178
75181
75192
75193
75200
75213
75217
75218
75222
75241
75261
75265
75269
75300
75308
75309
75322
75327
75336
75348
75354
75356
75363
75389
75395
75398
75402
75403
75414
75416
75422
75424
75427
75430
75431
75434
75437
75456
75457
75460
75476
75491
75498
75503
75507
75513
75518
75529
75532
75533
75546
75577
75579
75583
75600
75614
75615
75621
75659
75664
75672
75678
75682
75685
75691
75695
75698
75703
75710
75723
75729
75730
75735
75740
75750
75753
75766
75776
75779
75786
75787
75795
75796
75802
75812
75817
75821
75823
75826
75831
75839
75840
75857
75859
75867
75884
75885
75889
75897
75905
75906
75909
75916
75917
75922
75929
75934
75937
75938
75949
75954
75955
75960
75965
75971
75974
75983
75995
75996
76002
76004
76009
76012
76018
76026
76034
76035
76044
76065
76068
76085
76095
76097
76102
76118
76121
76127
76130
76132
76133
76143
76145
76146
76176
76178
76179
76184
76194
76202
76207
76212
76216
76222
76226
76238
76245
76249
76250
76255
76258
76259
76262
76271
76281
76284
76286
76288
76293
76313
76315
76334
76347
76349
76360
76363
76365
76366
76375
76399
76404
76436
76441
76442
76461
76469
76472
76478
76482
76487
76516
76526
76541
76551
76571
76573
76575
76591
76593
76598
76603
76613
76619
76626
76660
76661
76674
76675
76689
76696
76698
76700
76701
76708
76729
76743
76757
76758
76767
76772
76784
76789
76801
76802
76804
76815
76829
76836
76844
76852
76862
76864
76865
76868
76874
76882
76888
76899
76913
76917
76920
76931
76932
76954
76956
76957
76960
76961
76971
76976
76978
76983
76989
76993
76999
77003
77004
77005
77009
77014
77022
77027
77041
77061
77072
77079
77081
77090
77091
77098
77119
77124
77146
77152
77156
77167
77169
77175
77177
77186
77203
77216
77224
77235
77237
77248
77251
77270
77308
77313
77317
77338
77344
77360
77372
77381
77387
77388
77395
77397
77403
77410
77418
77424
77429
77440
77442
77455
77467
77477
77486
77501
77511
77515
77527
77535
77537
77539
77541
77547
77557
77559
77560
77568
77569
77571
77573
77582
77602
77605
77619
77635
77647
77649
77650
77651
77653
77658
77669
77676
77689
77696
77716
77718
77722
77733
77736
77742
77752
77756
77757
77758
77770
77775
77780
77795
77799
77800
77805
77826
77834
77835
77874
77875
77877
77890
77894
77896
77912
77917
77926
77929
77962
77970
77975
77990
78004
78007
78011
78017
78022
78032
78048
78049
78066
78069
78074
78080
78107
78110
78112
78114
78127
78130
78153
78198
78203
78208
78217
78219
78221
78224
78244
78253
78261
78268
78273
78275
78280
78291
78300
78302
78319
78320
78349
78350
78355
78359
78365
78367
78370
78378
78381
78393
78397
78403
78407
78408
78425
78443
78448
78452
78475
78480
78487
78518
78527
78528
78551
78554
78557
78572
78574
78586
78598
78613
78620
78621
78625
78627
78629
78634
78639
78644
78653
78668
78669
78688
78700
78703
78721
78730
78734
78744
78748
78759
78773
78775
78781
78782
78786
78809
78820
78830
78840
78843
78855
78863
78866
78873
78874
78876
78878
78881
78886
78888
78892
78893
78897
78900
78903
78909
78912
78934
78942
78958
78963
78965
78966
78975
78978
79002
79003
79009
79014
79015
79017
79021
79024
79026
79028
79029
79032
79039
79053
79062
79087
79104
79115
79117
79119
79125
79137
79142
79144
79146
79153
79160
79164
79166
79177
79185
79202
79223
79231
79232
79234
79237
79243
79246
79261
79262
79268
79269
79275
79279
79280
79283
79284
79288
79290
79292
79295
79297
79301
79307
79314
79320
79324
79336
79340
79344
79348
79361
79378
79391
79396
79397
79416
79418
79420
79426
79435
79439
79440
79451
79455
79456
79466
79470
79472
79485
79493
79496
79504
79508
79511
79514
79517
79521
79529
79533
79539
79544
79553
79565
79569
79584
79586
79588
79589
79590
79594
79595
79607
79616
79625
79627
79628
79631
79637
79639
79641
79654
79672
79675
79676
79678
79683
79686
79694
79705
79712
79720
79721
79729
79732
79735
79736
79737
79740
79741
79745
79746
79748
79761
79763
79767
79773
79775
79779
79784
79788
79800
79813
79817
79826
79833
79840
79845
79846
79856
79871
79875
79881
79883
79884
79885
79897
79899
79912
79921
79934
79936
79940
79951
79957
79963
79970
79979
79980
79989
79990
80000
80016
80025
80030
80043
80045
80063
80067
80068
80075
80076
80087
80097
80117
80124
80137
80143
80146
80150
80155
80165
80171
80179
80186
80190
80193
80199
80206
80214
80215
80224
80230
80236
80238
80254
80256
80257
80260
80263
80287
80293
80295
80303
80315
80318
80322
80332
80340
80342
80343
80347
80348
80357
80363
80364
80391
80392
80397
80401
80404
80409
80411
80414
80433
80435
80437
80441
80454
80468
80471
80479
80489
80493
80501
80508
80514
80527
80528
80537
80538
80539
80540
80553
80561
80566
80569
80576
80578
80589
80611
80615
80618
80619
80621
80626
80627
80631
80645
80650
80651
80654
80676
80677
80688
80691
80708
80712
80725
80739
80745
80751
80760
80761
80775
80776
80778
80782
80783
80786
80789
80802
80807
80809
80812
80819
80820
80835
80840
80847
80852
80853
80865
80866
80867
80876
80877
80878
80881
80886
80915
80924
80925
80929
80939
80942
80947
80948
80952
80955
80965
80972
80974
80977
81022
81029
81033
81039
81043
81045
81049
81070
81076
81082
81086
81101
81119
81122
81127
81134
81144
81153
81156
81168
81186
81193
81200
81201
81203
81204
81207
81223
81227
81230
81237
81243
81250
81268
81270
81271
81275
81279
81286
81301
81321
81343
81351
81359
81362
81363
81374
81376
81377
81384
81389
81397
81400
81407
81408
81411
81430
81433
81434
81441
81443
81446
81455
81462
81473
81474
81482
81487
81490
81509
81512
81513
81515
81530
81537
81540
81548
81549
81559
81562
81566
81575
81576
81580
81581
81589
81591
81603
81617
81627
81631
81633
81650
81657
81670
81671
81672
81673
81682
81687
81688
81690
81697
81699
81711
81718
81720
81730
81734
81743
81756
81768
81774
81783
81786
81797
81798
81803
81807
81812
81816
81818
81828
81836
81838
81839
81848
81859
81861
81862
81865
81876
81887
81888
81908
81910
81918
81923
81934
81938
81945
81946
81949
81961
81968
81977
81985
81997
82003
82004
82011
82014
82022
82035
82040
82042
82051
82060
82064
82076
82077
82079
82101
82104
82118
82119
82120
82124
82129
82131
82137
82139
82155
82170
82185
82194
82221
82222
82230
82236
82241
82254
82262
82263
82266
82270
82272
82275
82285
82294
82295
82296
82306
82308
82315
82323
82327
82329
82345
82347
82350
82353
82359
82368
82369
82378
82380
82395
82408
82416
82418
82422
82423
82437
82449
82452
82454
82462
82467
82476
82492
82507
82523
82532
82542
82546
82548
82551
82554
82568
82589
82595
82599
82600
82601
82604
82610
82617
82621
82629
82636
82644
82659
82664
82668
82678
82679
82684
82694
82697
82705
82711
82716
82752
82753
82762
82771
82772
82774
82784
82809
82823
82842
82863
82867
82868
82870
82873
82877
82885
82886
82889
82897
82904
82909
82913
82915
82917
82919
82925
82928
82929
82932
82937
82941
82945
82951
82954
82969
82982
82987
82992
82994
83009
83034
83039
83040
83050
83051
83057
83066
83067
83070
83071
83072
83075
83077
83082
83094
83102
83103
83107
83120
83122
83135
83140
83141
83143
83145
83149
83156
83157
83165
83172
83185
83195
83202
83215
83237
83248
83249
83250
83256
83259
83261
83270
83274
83280
83292
83295
83302
83304
83339
83344
83351
83362
83364
83380
83384
83388
83389
83409
83415
83423
83430
83431
83435
83438
83440
83444
83449
83453
83458
83473
83490
83494
83501
83506
83529
83533
83553
83558
83559
83562
83566
83568
83571
83575
83590
83598
83599
83603
83628
83637
83645
83660
83665
83670
83672
83683
83687
83701
83721
83723
83724
83725
83734
83741
83745
83746
83749
83752
83756
83758
83760
83761
83765
83767
83772
83774
83777
83783
83790
83792
83811
83829
83838
83839
83840
83852
83865
83871
83872
83890
83895
83908
83926
83927
83973
83989
83997
83998
84006
84028
84030
84038
84041
84045
84052
84066
84070
84072
84084
84092
84096
84101
84107
84108
84118
84122
84126
84127
84130
84140
84148
84152
84154
84159
84164
84165
84171
84216
84222
84237
84250
84255
84256
84258
84259
84261
84276
84280
84281
84282
84286
84288
84293
84311
84313
84315
84317
84325
84327
84330
84332
84334
84345
84360
84364
84381
84382
84387
84399
84405
84409
84413
84415
84417
84437
84443
84460
84470
84476
84478
84483
84490
84500
84504
84518
84520
84524
84551
84560
84562
84568
84575
84577
84589
84593
84601
84605
84608
84615
84616
84617
84624
84629
84636
84638
84642
84646
84651
84652
84654
84661
84679
84704
84709
84718
84729
84731
84732
84758
84773
84781
84783
84799
84802
84805
84815
84817
84821
84828
84837
84844
84852
84860
84868
84870
84879
84886
84888
84897
84899
84906
84920
84922
84932
84938
84941
84946
84950
84966
84975
84977
84980
84991
85000
85034
85065
85067
85074
85077
85081
85084
85091
85099
85109
85116
85119
85141
85151
85163
85168
85173
85176
85187
85190
85198
85203
85216
85228
85229
85231
85232
85244
85250
85258
85263
85270
85272
85291
85310
85315
85321
85322
85327
85331
85338
85340
85353
85371
85374
85381
85392
85403
85405
85412
85416
85423
85428
85435
85463
85470
85477
85489
85494
85502
85503
85509
85515
85516
85520
85523
85525
85529
85548
85550
85558
85565
85586
85587
85593
85615
85622
85632
85636
85643
85652
85655
85656
85659
85668
85678
85681
85686
85693
85700
85702
85705
85709
85730
85737
85764
85775
85784
85789
85798
85803
85807
85809
85811
85826
85834
85835
85850
85858
85862
85882
85883
85887
85898
85900
85901
85903
85927
85930
85935
85940
85941
85945
85956
85961
85963
85969
85979
85981
85986
85994
86008
86012
86019
86038
86054
86074
86093
86104
86117
86137
86155
86156
86169
86171
86183
86194
86205
86214
86215
86224
86228
86251
86266
86278
86279
86283
86289
86295
86300
86305
86306
86325
86330
86334
86338
86344
86345
86347
86348
86349
86353
86358
86360
86365
86374
86383
86392
86410
86433
86437
86443
86444
86451
86484
86498
86510
86525
86534
86535
86537
86538
86540
86543
86544
86561
86565
86578
86580
86582
86588
86595
86599
86601
86609
86611
86616
86621
86632
86633
86635
86637
86638
86648
86665
86668
86675
86680
86683
86693
86696
86704
86711
86713
86715
86725
86730
86734
86737
86757
86765
86766
86770
86787
86802
86814
86817
86823
86831
86835
86838
86851
86855
86859
86864
86866
86867
86868
86870
86897
86898
86906
86909
86911
86923
86925
86928
86930
86944
86966
86973
86979
86985
87010
87015
87016
87023
87026
87041
87053
87065
87066
87069
87074
87075
87077
87078
87081
87090
87097
87100
87106
87117
87120
87123
87128
87132
87135
87159
87162
87164
87166
87167
87179
87180
87196
87215
87216
87225
87226
87234
87237
87238
87256
87262
87265
87271
87290
87296
87305
87307
87310
87317
87334
87345
87346
87348
87350
87351
87355
87357
87359
87364
87391
87419
87420
87425
87428
87432
87443
87457
87458
87467
87472
87476
87477
87484
87506
87512
87514
87517
87527
87532
87538
87542
87544
87547
87550
87559
87561
87564
87568
87569
87570
87577
87579
87587
87590
87592
87608
87610
87612
87615
87624
87627
87638
87641
87658
87661
87668
87672
87674
87680
87684
87685
87687
87696
87705
87710
87717
87729
87731
87736
87742
87744
87747
87763
87768
87770
87782
87798
87799
87814
87815
87822
87823
87824
87844
87855
87861
87862
87864
87866
87887
87895
87898
87912
87926
87929
87932
87933
87948
87949
87965
87971
87997
88006
88032
88040
88061
88070
88085
88089
88094
88102
88110
88115
88126
88128
88144
88149
88176
88215
88216
88229
88236
88238
88257
88259
88275
88287
88292
88293
88308
88309
88326
88331
88339
88344
88348
88352
88363
88370
88374
88382
88384
88385
88395
88424
88425
88428
88442
88447
88449
88471
88476
88477
88480
88483
88496
88503
88504
88509
88515
88526
88530
88556
88561
88567
88571
88575
88576
88583
88585
88591
88595
88603
88629
88634
88647
88648
88666
88684
88691
88693
88695
88696
88697
88698
88702
88712
88714
88715
88722
88734
88737
88742
88750
88758
88761
88762
88768
88773
88777
88783
88788
88813
88818
88825
88837
88839
88840
88841
88843
88845
88846
88853
88880
88886
88890
88899
88900
88909
88910
88919
88921
88922
88925
88931
88933
88938
88945
88949
88952
88953
88966
88979
88987
88992
89000
89002
89006
89007
89012
89016
89029
89036
89045
89060
89061
89072
89074
89084
89086
89094
89097
89103
89108
89110
89113
89121
89123
89145
89163
89173
89184
89185
89208
89212
89225
89232
89236
89246
89257
89260
89273
89274
89276
89285
89286
89297
89303
89311
89314
89319
89320
89333
89337
89339
89346
89354
89370
89371
89375
89376
89377
89378
89390
89392
89399
89405
89412
89421
89425
89434
89441
89444
89452
89456
89462
89470
89476
89484
89485
89487
89490
89495
89501
89503
89506
89516
89519
89521
89530
89533
89546
89550
89558
89574
89579
89582
89589
89591
89598
89599
89600
89601
89605
89609
89620
89630
89632
89639
89642
89648
89651
89652
89658
89660
89662
89664
89671
89676
89677
89678
89685
89706
89712
89714
89723
89724
89727
89730
89733
89734
89737
89739
89745
89750
89751
89782
89803
89804
89813
89823
89827
89829
89837
89839
89843
89845
89849
89856
89867
89868
89875
89877
89882
89885
89886
89887
89890
89895
89907
89915
89916
89917
89920
89925
89928
89944
89957
89958
89962
89975
89993
90002
90005
90011
90012
90015
90027
90028
90029
90032
90042
90046
90048
90051
90060
90061
90068
90069
90074
90093
90096
90104
90105
90132
90143
90146
90153
90159
90160
90169
90173
90179
90185
90189
90193
90196
90203
90211
90241
90249
90283
90284
90285
90286
90289
90295
90296
90311
90317
90320
90323
90343
90350
90351
90354
90361
90364
90374
90379
90384
90385
90394
90402
90405
90425
90426
90428
90429
90431
90433
90438
90448
90449
90455
90456
90457
90463
90466
90467
90468
90472
90491
90497
90506
90508
90509
90515
90521
90528
90529
90532
90538
90539
90556
90575
90579
90584
90590
90599
90604
90611
90630
90642
90643
90650
90659
90665
90670
90676
90677
90678
90701
90705
90710
90711
90722
90734
90739
90760
90761
90766
90775
90783
90797
90828
90838
90845
90854
90880
90886
90888
90890
90895
90897
90901
90914
90918
90925
90931
90933
90935
90937
90939
90965
90968
90983
90986
90988
91001
91008
91014
91017
91027
91029
91038
91040
91044
91045
91048
91049
91053
91054
91055
91060
91065
91077
91084
91100
91102
91103
91113
91140
91145
91153
91161
91162
91177
91189
91202
91208
91213
91219
91220
91228
91231
91235
91250
91259
91283
91288
91289
91309
91313
91322
91324
91327
91330
91337
91338
91347
91351
91364
91366
91390
91393
91397
91405
91407
91412
91419
91420
91421
91425
91436
91446
91456
91462
91469
91472
91475
91476
91482
91527
91532
91536
91546
91554
91560
91568
91570
91574
91575
91576
91577
91579
91587
91597
91601
91604
91620
91629
91635
91646
91650
91652
91655
91656
91659
91664
91666
91676
91679
91694
91700
91710
91712
91717
91735
91750
91764
91778
91783
91788
91792
91795
91800
91803
91807
91813
91814
91816
91828
91841
91847
91854
91859
91861
91864
91867
91874
91875
91883
91884
91885
91890
91893
91894
91902
91903
91904
91926
91933
91942
91949
91951
91955
91957
91958
91961
91965
91970
91972
92015
92023
92035
92045
92048
92050
92059
92061
92070
92082
92084
92085
92086
92105
92110
92120
92126
92130
92142
92148
92150
92153
92163
92166
92168
92174
92204
92207
92210
92218
92223
92231
92233
92240
92250
92253
92255
92280
92282
92298
92302
92308
92311
92324
92331
92340
92344
92345
92346
92367
92371
92379
92382
92386
92392
92400
92406
92412
92418
92433
92446
92450
92471
92472
92485
92488
92499
92504
92506
92509
92513
92514
92518
92522
92527
92529
92531
92543
92551
92552
92553
92561
92569
92574
92578
92589
92604
92611
92612
92619
92625
92630
92636
92639
92641
92648
92678
92689
92692
92708
92711
92716
92718
92719
92726
92727
92731
92745
92746
92747
92753
92772
92781
92796
92799
92800
92833
92838
92839
92842
92845
92851
92852
92854
92861
92868
92875
92894
92900
92901
92905
92910
92914
92917
92922
92923
92929
92936
92944
92945
92970
92980
92982
92990
92992
93005
93018
93025
93033
93036
93038
93039
93042
93043
93054
93055
93061
93070
93085
93090
93101
93110
93125
93130
93140
93141
93146
93160
93171
93187
93194
93195
93197
93200
93213
93214
93215
93219
93222
93235
93240
93247
93252
93255
93262
93283
93296
93310
93316
93321
93326
93335
93342
93350
93355
93371
93374
93377
93380
93381
93407
93412
93418
93427
93443
93447
93448
93451
93453
93477
93479
93495
93503
93508
93524
93527
93553
93581
93585
93592
93595
93598
93606
93623
93626
93645
93657
93660
93668
93673
93676
93678
93686
93689
93697
93699
93702
93703
93707
93713
93735
93759
93769
93771
93776
93778
93782
93783
93794
93796
93799
93814
93817
93820
93836
93838
93840
93844
93847
93853
93856
93872
93876
93878
93885
93893
93894
93912
93939
93946
93947
93950
93952
93953
93955
93957
93961
93966
93969
93970
93975
93984
93985
93992
94009
94011
94013
94020
94023
94036
94050
94086
94088
94099
94103
94117
94130
94168
94177
94179
94187
94194
94217
94219
94231
94237
94243
94250
94261
94268
94306
94315
94318
94331
94363
94367
94368
94371
94375
94381
94388
94391
94400
94403
94411
94427
94428
94441
94446
94458
94473
94475
94479
94498
94504
94512
94516
94520
94526
94527
94533
94543
94547
94551
94577
94583
94589
94591
94592
94594
94613
94615
94622
94636
94637
94640
94642
94649
94652
94660
94663
94667
94668
94678
94687
94689
94703
94727
94738
94746
94749
94753
94767
94781
94793
94794
94795
94799
94800
94806
94810
94813
94822
94830
94831
94844
94846
94848
94852
94860
94861
94868
94874
94894
94911
94926
94929
94930
94932
94934
94938
94941
94942
94963
94965
94967
94968
94972
94987
94991
94998
95006
95027
95038
95041
95055
95066
95090
95096
95111
95116
95118
95124
95132
95133
95137
95140
95141
95144
95151
95152
95155
95156
95158
95169
95171
95175
95176
95177
95182
95185
95186
95196
95204
95225
95234
95246
95249
95260
95273
95274
95277
95282
95284
95285
95286
95287
95291
95298
95304
95307
95313
95315
95320
95327
95330
95336
95343
95353
95357
95365
95369
95393
95401
95411
95413
95421
95422
95431
95441
95442
95458
95462
95465
95469
95475
95491
95518
95521
95532
95545
95574
95583
95586
95593
95603
95604
95610
95620
95645
95652
95654
95656
95666
95667
95671
95672
95676
95687
95691
95694
95710
95714
95719
95724
95741
95745
95751
95756
95760
95779
95787
95805
95806
95813
95817
95825
95826
95863
95871
95885
95892
95896
95898
95899
95924
95925
95926
95933
95937
95939
95945
95946
95952
95965
95972
95976
95979
95991
95992
95997
96005
96007
96035
96043
96047
96055
96062
96069
96071
96072
96075
96082
96096
96101
96103
96114
96122
96125
96131
96147
96164
96167
96180
96187
96189
96190
96201
96207
96230
96231
96236
96242
96245
96249
96253
96257
96258
96273
96289
96296
96297
96321
96322
96324
96325
96336
96348
96358
96369
96376
96400
96401
96405
96412
96413
96425
96426
96435
96444
96469
96470
96480
96487
96495
96504
96511
96515
96522
96523
96526
96532
96548
96555
96558
96560
96572
96574
96582
96585
96592
96600
96605
96613
96617
96620
96624
96631
96642
96647
96661
96671
96684
96685
96709
96710
96719
96722
96723
96730
96732
96733
96737
96745
96747
96751
96762
96770
96775
96780
96783
96791
96807
96816
96822
96826
96833
96841
96854
96855
96856
96864
96865
96866
96869
96882
96888
96894
96900
96909
96915
96919
96935
96936
96940
96942
96944
96954
96963
96964
96973
96979
96982
96988
96990
97001
97002
97010
97014
97015
97019
97042
97048
97049
97052
97053
97056
97059
97061
97062
97064
97070
97077
97081
97082
97094
97098
97101
97103
97104
97111
97121
97123
97130
97135
97136
97139
97147
97149
97157
97159
97161
97162
97166
97178
97185
97216
97222
97233
97235
97241
97245
97246
97259
97278
97280
97289
97290
97292
97301
97308
97315
97316
97321
97356
97362
97367
97380
97381
97382
97394
97395
97396
97409
97418
97422
97447
97470
97471
97472
97484
97491
97496
97503
97510
97514
97518
97521
97523
97526
97527
97528
97533
97535
97539
97543
97550
97580
97581
97584
97587
97600
97613
97614
97630
97632
97635
97645
97654
97671
97680
97686
97692
97693
97709
97713
97716
97719
97723
97736
97738
97745
97747
97754
97755
97767
97769
97774
97788
97795
97801
97811
97812
97831
97836
97864
97865
97870
97876
97897
97903
97908
97909
97912
97928
97944
97947
97953
97958
97959
97964
97975
97980
97985
97999
98015
98030
98039
98064
98083
98091
98093
98110
98120
98122
98125
98126
98153
98154
98165
98190
98202
98207
98229
98231
98252
98254
98260
98264
98267
98279
98280
98308
98312
98317
98328
98340
98362
98423
98426
98433
98441
98457
98467
98471
98472
98483
98486
98489
98492
98496
98501
98515
98516
98553
98558
98562
98565
98569
98574
98578
98592
98597
98599
98601
98608
98628
98632
98637
98661
98670
98677
98683
98695
98702
98706
98715
98716
98717
98742
98751
98754
98755
98758
98762
98822
98848
98861
98862
98865
98869
98880
98891
98892
98905
98913
98917
98926
98947
98959
98962
98965
98978
98981
98993
98994
99000
99003
99011
99012
99030
99038
99046
99053
99055
99057
99084
99086
99102
99112
99113
99118
99122
99124
99126
99129
99130
99144
99148
99154
99155
99156
99161
99162
99166
99172
99173
99175
99181
99182
99193
99194
99201
99202
99217
99221
99222
99224
99234
99252
99253
99265
99273
99276
99283
99285
99293
99296
99303
99315
99318
99325
99328
99335
99337
99338
99340
99358
99364
99367
99369
99385
99391
99401
99407
99408
99426
99448
99451
99452
99453
99460
99462
99463
99464
99487
99492
99498
99507
99508
99513
99533
99545
99547
99550
99560
99566
99567
99572
99583
99612
99617
99619
99641
99645
99647
99648
99654
99671
99674
99677
99685
99697
99712
99718
99724
99751
99753
99756
99786
99792
99817
99828
99832
99854
99878
99879
99889
99890
99900
99904
99919
99924
99927
99929
99933
99941
99950
99957
99975
99989
99994
