17
21
27
32
35
47
53
59
67
82
83
85
86
87
89
90
92
101
122
130
132
137
139
146
150
156
158
170
172
182
184
185
205
206
207
210
232
236
240
241
249
255
256
265
270
276
287
301
321
328
334
337
341
346
348
349
350
357
358
372
403
416
417
427
429
435
439
447
452
470
474
478
481
483
485
488
491
494
500
506
510
516
517
519
528
535
539
540
549
550
553
561
564
594
597
605
607
610
611
623
626
643
659
660
662
666
676
680
681
686
688
691
702
703
704
713
716
721
728
738
763
766
770
779
781
784
793
794
802
807
818
819
844
846
857
867
871
873
877
895
897
899
906
913
915
916
920
925
931
938
942
945
949
955
956
962
965
983
985
987
993
1000
1005
1006
1017
1029
1032
1039
1041
1047
1056
1065
1070
1072
1077
1079
1081
1095
1098
1103
1118
1128
1136
1144
1189
1199
1202
1217
1218
1227
1230
1232
1237
1239
1247
1250
1264
1266
1267
1275
1277
1279
1288
1293
1297
1299
1300
1323
1333
1335
1347
1351
1353
1354
1358
1360
1361
1373
1381
1384
1391
1394
1396
1401
1406
1407
1412
1415
1417
1418
1420
1427
1431
1433
1436
1451
1453
1456
1459
1464
1478
1487
1491
1493
1497
1502
1509
1522
1532
1535
1543
1545
1551
1555
1557
1558
1560
1564
1594
1600
1602
1607
1612
1621
1628
1633
1662
1663
1664
1668
1669
1671
1687
1688
1719
1726
1742
1743
1763
1771
1780
1782
1789
1800
1802
1808
1811
1815
1842
1844
1846
1855
1860
1865
1869
1871
1877
1892
1893
1908
1910
1914
1917
1926
1928
1937
1946
1948
1965
1966
1970
1975
1986
1995
2000
2005
2017
2018
2022
2025
2031
2041
2043
2049
2057
2060
2063
2065
2067
2074
2077
2084
2094
2096
2102
2107
2120
2140
2145
2150
2152
2159
2170
2194
2195
2217
2220
2227
2234
2236
2237
2241
2242
2248
2263
2266
2274
2286
2289
2291
2295
2310
2315
2322
2324
2325
2328
2331
2334
2354
2363
2366
2377
2380
2397
2422
2440
2449
2472
2475
2494
2498
2505
2523
2534
2538
2558
2583
2600
2617
2622
2628
2630
2638
2646
2647
2648
2649
2653
2660
2661
2662
2671
2672
2674
2675
2680
2684
2701
2706
2710
2718
2720
2736
2744
2758
2764
2773
2776
2781
2785
2803
2812
2821
2827
2831
2832
2854
2860
2861
2872
2875
2879
2880
2883
2885
2892
2897
2903
2910
2911
2926
2930
2939
2952
2956
2969
2985
2988
2990
2991
2995
2998
3000
3002
3008
3011
3031
3032
3037
3040
3049
3051
3056
3067
3069
3070
3093
3095
3108
3113
3114
3118
3133
3136
3137
3141
3156
3162
3170
3187
3188
3225
3227
3235
3237
3241
3246
3279
3282
3285
3289
3294
3299
3301
3304
3306
3314
3316
3318
3325
3326
3353
3380
3382
3383
3389
3403
3405
3415
3416
3417
3423
3428
3430
3445
3465
3467
3468
3469
3471
3474
3481
3482
3483
3495
3500
3506
3508
3510
3513
3521
3522
3528
3529
3533
3534
3546
3550
3552
3554
3557
3558
3569
3573
3575
3577
3583
3584
3592
3595
3609
3621
3631
3633
3639
3643
3644
3645
3647
3648
3650
3652
3655
3657
3659
3661
3662
3667
3668
3672
3675
3686
3693
3699
3704
3718
3720
3722
3725
3730
3736
3749
3753
3758
3760
3762
3767
3769
3782
3788
3789
3804
3812
3814
3821
3822
3826
3827
3830
3832
3835
3839
3845
3855
3856
3861
3865
3875
3882
3889
3898
3900
3902
3911
3912
3923
3933
3934
3935
3946
3950
3956
3968
3970
3977
3978
3980
3995
4006
4008
4015
4016
4017
4027
4035
4036
4039
4045
4047
4048
4057
4058
4062
4076
4080
4084
4089
4091
4093
4099
4106
4120
4124
4133
4134
4136
4140
4143
4144
4145
4146
4147
4161
4164
4171
4172
4176
4181
4183
4187
4189
4196
4208
4211
4216
4222
4226
4227
4231
4242
4243
4247
4248
4250
4251
4268
4269
4285
4298
4306
4313
4329
4331
4332
4335
4342
4347
4357
4359
4361
4370
4380
4398
4400
4414
4417
4421
4426
4427
4430
4431
4436
4438
4441
4449
4457
4469
4473
4477
4478
4480
4491
4492
4495
4498
4500
4504
4510
4516
4523
4524
4527
4533
4535
4539
4550
4554
4558
4562
4569
4579
4580
4584
4589
4597
4598
4600
4601
4607
4610
4614
4617
4624
4629
4643
4644
4656
4657
4663
4664
4672
4680
4698
4699
4700
4703
4709
4719
4720
4726
4727
4753
4767
4771
4788
4791
4800
4805
4806
4813
4816
4817
4818
4819
4823
4845
4861
4865
4871
4885
4887
4893
4894
4896
4898
4901
4907
4912
4924
4930
4931
4939
4946
4947
4955
4957
4962
4968
4970
4985
4987
4988
5001
5011
5015
5016
5023
5035
5038
5046
5047
5052
5053
5076
5079
5081
5088
5092
5099
5101
5103
5117
5118
5139
5145
5148
5149
5150
5153
5154
5155
5159
5180
5187
5189
5209
5210
5213
5249
5255
5290
5292
5296
5300
5301
5313
5317
5328
5329
5341
5348
5350
5358
5362
5376
5383
5388
5397
5398
5399
5410
5412
5423
5432
5434
5445
5449
5468
5478
5482
5485
5495
5496
5505
5512
5514
5519
5520
5522
5528
5533
5536
5537
5539
5543
5551
5572
5580
5583
5586
5587
5592
5594
5599
5628
5633
5640
5649
5650
5657
5659
5662
5665
5669
5674
5690
5694
5695
5697
5702
5704
5708
5720
5734
5735
5739
5747
5758
5759
5760
5766
5787
5793
5804
5809
5810
5815
5820
5829
5831
5837
5857
5859
5865
5871
5886
5889
5899
5915
5922
5926
5928
5935
5940
5957
5958
5962
5968
5969
5970
5972
5986
5989
5990
6002
6019
6028
6038
6039
6042
6047
6049
6057
6073
6081
6083
6091
6100
6109
6122
6142
6148
6160
6171
6172
6178
6190
6200
6203
6206
6210
6215
6218
6220
6224
6225
6227
6231
6232
6238
6244
6251
6254
6255
6258
6278
6280
6282
6284
6286
6300
6303
6306
6307
6330
6348
6350
6351
6372
6385
6397
6410
6411
6419
6424
6433
6444
6446
6450
6451
6455
6459
6464
6465
6468
6474
6481
6482
6483
6485
6486
6487
6500
6507
6512
6519
6521
6523
6524
6528
6530
6534
6538
6541
6548
6551
6560
6561
6569
6570
6571
6575
6579
6592
6599
6600
6604
6605
6622
6632
6636
6640
6641
6653
6656
6663
6664
6666
6668
6706
6711
6714
6719
6722
6728
6745
6758
6767
6794
6799
6804
6807
6817
6826
6828
6840
6841
6851
6853
6863
6872
6877
6879
6897
6900
6902
6904
6911
6933
6936
6943
6948
6958
6961
6971
6972
6984
6990
6993
6994
7002
7006
7012
7016
7019
7022
7025
7027
7037
7041
7042
7048
7056
7059
7063
7066
7077
7083
7090
7091
7095
7098
7102
7109
7112
7113
7120
7128
7135
7136
7137
7139
7149
7154
7156
7159
7163
7167
7169
7188
7192
7194
7195
7214
7217
7229
7247
7249
7253
7257
7263
7265
7276
7293
7300
7306
7309
7318
7324
7329
7330
7333
7337
7338
7344
7350
7352
7366
7370
7377
7384
7394
7409
7417
7420
7422
7423
7428
7433
7457
7465
7467
7469
7470
7480
7486
7489
7496
7505
7512
7520
7525
7528
7529
7535
7537
7538
7539
7541
7544
7562
7565
7570
7576
7580
7585
7603
7604
7615
7616
7619
7620
7624
7629
7633
7637
7639
7642
7652
7657
7684
7690
7696
7698
7700
7702
7705
7707
7726
7730
7731
7732
7733
7734
7735
7737
7747
7763
7777
7778
7794
7798
7800
7804
7811
7824
7830
7833
7838
7844
7854
7858
7864
7868
7888
7899
7900
7903
7910
7922
7932
7941
7958
7961
7975
7977
7981
7982
7983
7984
7986
7997
8004
8005
8014
8015
8024
8031
8032
8040
8045
8063
8068
8075
8088
8102
8104
8115
8137
8153
8159
8160
8168
8171
8173
8178
8179
8180
8190
8192
8198
8210
8215
8222
8239
8243
8244
8250
8257
8264
8269
8272
8275
8282
8283
8286
8292
8297
8306
8313
8320
8339
8342
8349
8353
8357
8361
8364
8367
8373
8377
8402
8409
8416
8423
8425
8427
8437
8438
8441
8443
8450
8454
8457
8476
8480
8494
8497
8522
8532
8544
8545
8551
8554
8555
8558
8562
8565
8566
8567
8571
8572
8578
8581
8607
8613
8622
8626
8639
8640
8652
8656
8658
8687
8690
8696
8698
8700
8711
8739
8744
8750
8752
8754
8762
8767
8786
8789
8790
8797
8799
8803
8804
8810
8818
8825
8828
8831
8835
8842
8859
8860
8863
8875
8877
8882
8906
8908
8913
8917
8939
8943
8947
8957
8959
8960
8964
8965
8967
8968
8975
8978
8985
8986
8988
9010
9012
9017
9020
9027
9033
9049
9072
9107
9115
9121
9136
9139
9146
9148
9150
9151
9160
9168
9174
9180
9185
9209
9219
9221
9222
9227
9228
9245
9249
9257
9261
9263
9266
9271
9280
9282
9293
9298
9310
9311
9315
9317
9323
9361
9364
9374
9376
9379
9389
9390
9394
9396
9405
9416
9420
9423
9429
9431
9435
9436
9438
9442
9455
9463
9466
9471
9478
9479
9490
9492
9496
9504
9505
9507
9516
9520
9521
9524
9531
9559
9562
9567
9569
9597
9612
9616
9623
9625
9658
9665
9672
9680
9681
9684
9697
9710
9717
9720
9722
9723
9726
9729
9740
9745
9749
9755
9769
9805
9806
9808
9811
9815
9823
9828
9829
9848
9849
9855
9856
9858
9861
9866
9867
9881
9889
9893
9901
9904
9910
9915
9924
9925
9927
9933
9936
9944
9955
9958
9985
9992
10001
10006
10012
10018
10027
10033
10042
10044
10059
10064
10074
10078
10079
10081
10087
10091
10104
10108
10115
10119
10136
10145
10154
10161
10165
10167
10180
10181
10193
10195
10198
10199
10200
10204
10208
10221
10235
10244
10258
10274
10287
10288
10289
10293
10300
10308
10311
10317
10325
10347
10349
10352
10357
10363
10369
10370
10374
10376
10392
10399
10408
10414
10416
10419
10424
10429
10431
10439
10440
10455
10462
10464
10465
10473
10474
10479
10484
10501
10503
10505
10507
10510
10511
10522
10542
10547
10559
10563
10567
10573
10575
10576
10578
10586
10587
10592
10593
10613
10617
10623
10625
10627
10636
10642
10643
10646
10652
10660
10665
10669
10670
10686
10690
10694
10695
10702
10724
10728
10729
10738
10741
10749
10753
10756
10763
10766
10768
10772
10773
10790
10793
10803
10812
10814
10823
10828
10829
10830
10839
10840
10848
10849
10855
10864
10874
10887
10891
10902
10903
10913
10935
10941
10951
10959
10961
10981
10982
11000
11008
11030
11034
11066
11070
11078
11081
11095
11096
11112
11118
11142
11160
11163
11166
11174
11176
11199
11206
11207
11209
11223
11231
11234
11235
11241
11242
11248
11258
11262
11267
11269
11277
11278
11281
11297
11305
11318
11328
11354
11372
11390
11393
11397
11412
11427
11438
11450
11459
11464
11471
11475
11476
11477
11481
11483
11492
11502
11505
11511
11516
11521
11524
11528
11535
11536
11539
11541
11544
11569
11570
11573
11575
11588
11589
11597
11604
11613
11614
11620
11622
11623
11626
11639
11640
11648
11655
11656
11659
11669
11674
11675
11678
11680
11684
11686
11693
11695
11703
11709
11710
11720
11740
11745
11759
11760
11761
11766
11778
11781
11793
11794
11796
11797
11822
11826
11837
11844
11849
11866
11880
11886
11892
11894
11896
11915
11923
11932
11940
11942
11943
11950
11966
11981
11985
11992
11998
12014
12047
12065
12069
12070
12079
12085
12086
12087
12092
12093
12100
12112
12115
12119
12127
12132
12133
12135
12136
12137
12144
12149
12154
12161
12164
12168
12175
12179
12190
12191
12209
12219
12221
12227
12228
12235
12238
12241
12242
12245
12253
12259
12262
12267
12269
12276
12278
12281
12282
12287
12297
12299
12306
12312
12318
12321
12327
12338
12346
12358
12376
12384
12396
12410
12411
12415
12425
12426
12432
12434
12450
12460
12463
12466
12468
12472
12474
12475
12479
12480
12483
12486
12490
12493
12503
12504
12507
12521
12526
12529
12530
12552
12570
12573
12577
12582
12591
12592
12593
12611
12620
12629
12633
12635
12638
12641
12643
12644
12645
12659
12663
12671
12683
12684
12685
12690
12709
12718
12720
12731
12739
12753
12756
12759
12772
12781
12782
12784
12786
12797
12802
12804
12812
12813
12818
12819
12821
12825
12826
12827
12828
12829
12831
12834
12835
12837
12839
12841
12859
12865
12866
12868
12877
12884
12886
12897
12905
12909
12922
12927
12929
12930
12933
12934
12939
12942
12944
12946
12948
12956
12980
12987
12996
12998
13004
13006
13007
13011
13016
13019
13025
13031
13035
13051
13061
13073
13085
13087
13118
13127
13144
13151
13155
13160
13162
13166
13173
13182
13184
13187
13212
13224
13228
13235
13238
13245
13246
13247
13248
13255
13256
13259
13261
13262
13263
13264
13269
13274
13275
13288
13291
13296
13305
13314
13320
13322
13341
13352
13354
13361
13362
13364
13366
13370
13374
13379
13380
13384
13390
13392
13398
13404
13405
13434
13437
13446
13447
13453
13454
13458
13470
13481
13502
13507
13509
13514
13548
13553
13555
13566
13570
13572
13588
13591
13595
13602
13607
13614
13615
13616
13628
13630
13636
13643
13653
13655
13657
13661
13663
13673
13703
13707
13713
13726
13734
13738
13744
13746
13748
13750
13755
13762
13767
13778
13779
13802
13808
13821
13826
13844
13848
13852
13868
13871
13880
13896
13899
13911
13920
13925
13927
13943
13953
13954
13977
13985
13988
13989
13999
14000
14002
14003
14010
14013
14017
14019
14033
14041
14044
14050
14056
14057
14058
14060
14095
14097
14098
14112
14121
14139
14141
14142
14153
14160
14162
14176
14182
14183
14196
14203
14207
14218
14223
14226
14227
14233
14240
14243
14260
14264
14270
14278
14279
14281
14282
14285
14288
14294
14297
14298
14308
14313
14324
14332
14334
14343
14352
14359
14371
14372
14376
14382
14385
14387
14398
14402
14407
14418
14419
14424
14425
14428
14433
14457
14460
14464
14468
14472
14474
14497
14501
14505
14506
14509
14523
14525
14526
14528
14529
14531
14541
14555
14556
14567
14573
14590
14606
14614
14623
14624
14625
14629
14633
14636
14657
14668
14680
14689
14694
14698
14713
14722
14727
14731
14768
14769
14771
14778
14779
14786
14787
14790
14795
14802
14812
14814
14816
14817
14820
14821
14832
14840
14843
14856
14858
14883
14900
14904
14910
14911
14913
14922
14928
14931
14940
14952
14957
14965
14968
14969
14975
14987
15004
15012
15016
15023
15037
15043
15046
15054
15060
15073
15084
15086
15089
15094
15105
15111
15121
15123
15126
15130
15131
15138
15141
15178
15182
15190
15199
15201
15208
15212
15216
15219
15221
15226
15230
15238
15262
15279
15290
15292
15293
15299
15303
15313
15320
15324
15331
15335
15339
15351
15360
15361
15367
15370
15371
15392
15394
15398
15402
15403
15405
15407
15410
15424
15429
15466
15472
15487
15490
15492
15499
15500
15520
15521
15531
15533
15534
15545
15548
15566
15573
15581
15583
15600
15609
15612
15618
15623
15634
15653
15655
15659
15663
15665
15667
15671
15694
15726
15729
15748
15750
15763
15766
15775
15779
15785
15799
15803
15821
15830
15839
15846
15864
15873
15876
15878
15887
15889
15898
15900
15901
15906
15909
15910
15911
15923
15941
15954
15956
15958
15962
15982
15985
15989
16008
16010
16016
16030
16048
16065
16067
16070
16071
16092
16095
16097
16099
16113
16116
16118
16121
16122
16127
16130
16131
16143
16148
16150
16152
16155
16157
16161
16165
16166
16173
16176
16183
16189
16205
16209
16211
16218
16219
16227
16231
16251
16254
16265
16294
16298
16299
16306
16315
16335
16336
16341
16347
16352
16354
16356
16362
16363
16364
16384
16387
16388
16391
16399
16400
16402
16404
16406
16409
16417
16418
16420
16424
16451
16454
16459
16463
16479
16489
16496
16503
16505
16509
16513
16527
16533
16534
16537
16547
16550
16558
16565
16567
16568
16574
16580
16589
16597
16601
16617
16620
16633
16644
16652
16669
16670
16671
16680
16691
16696
16699
16707
16712
16719
16752
16762
16770
16772
16784
16791
16792
16796
16804
16817
16818
16820
16832
16833
16846
16847
16849
16863
16866
16875
16876
16880
16883
16884
16887
16889
16891
16895
16898
16902
16904
16916
16921
16933
16938
16947
16949
16952
16954
16955
16961
16964
16970
16973
16981
16983
16990
16994
16999
17003
17004
17007
17025
17027
17034
17040
17041
17046
17048
17055
17061
17077
17080
17081
17090
17095
17109
17114
17124
17135
17137
17144
17148
17154
17162
17166
17167
17181
17186
17195
17208
17211
17238
17246
17253
17259
17271
17284
17285
17286
17290
17304
17305
17312
17315
17320
17342
17347
17355
17357
17359
17361
17362
17372
17379
17391
17397
17401
17403
17408
17411
17414
17420
17424
17432
17437
17445
17451
17452
17454
17456
17460
17479
17481
17482
17487
17491
17499
17534
17540
17542
17543
17555
17556
17558
17563
17573
17579
17581
17591
17605
17611
17620
17628
17635
17636
17643
17669
17670
17678
17681
17700
17702
17703
17706
17712
17713
17719
17725
17726
17727
17735
17736
17745
17764
17771
17777
17781
17785
17788
17809
17811
17819
17824
17836
17838
17839
17840
17842
17844
17851
17855
17860
17875
17898
17911
17912
17914
17915
17922
17932
17934
17935
17940
17944
17947
17948
17955
17969
17972
17981
17992
17993
17994
17995
18015
18031
18033
18065
18068
18072
18074
18078
18091
18094
18096
18104
18106
18110
18119
18123
18126
18134
18142
18144
18148
18154
18163
18166
18177
18179
18180
18189
18203
18204
18207
18211
18212
18233
18239
18240
18243
18256
18260
18268
18274
18278
18280
18282
18298
18302
18303
18307
18312
18328
18339
18340
18360
18368
18376
18396
18401
18403
18409
18420
18422
18423
18426
18427
18431
18442
18444
18453
18465
18471
18475
18488
18491
18499
18503
18512
18521
18533
18535
18545
18554
18582
18595
18596
18607
18624
18629
18631
18632
18637
18646
18660
18674
18679
18684
18686
18690
18693
18694
18696
18697
18703
18727
18750
18751
18758
18764
18765
18778
18780
18790
18794
18795
18801
18811
18816
18837
18845
18849
18859
18865
18867
18872
18874
18884
18885
18888
18907
18921
18924
18929
18930
18931
18932
18942
18943
18945
18951
18969
18973
18976
18984
18986
18994
19002
19005
19031
19033
19035
19039
19050
19052
19053
19059
19063
19076
19080
19097
19101
19102
19109
19115
19117
19119
19145
19146
19155
19165
19169
19175
19180
19187
19192
19196
19197
19212
19217
19223
19227
19229
19235
19237
19245
19257
19271
19275
19294
19303
19306
19340
19343
19344
19351
19354
19356
19367
19368
19375
19377
19381
19382
19393
19415
19426
19435
19441
19452
19458
19461
19469
19483
19484
19488
19490
19498
19507
19508
19514
19516
19522
19524
19526
19570
19572
19574
19575
19583
19586
19595
19599
19609
19614
19616
19622
19635
19639
19643
19648
19657
19666
19671
19674
19675
19687
19689
19699
19701
19708
19717
19719
19729
19730
19732
19733
19741
19742
19751
19774
19786
19787
19812
19826
19828
19844
19845
19847
19848
19859
19864
19875
19880
19882
19887
19891
19894
19907
19911
19914
19928
19941
19944
19945
19952
19953
19957
19971
19980
19993
20008
20014
20016
20021
20023
20031
20038
20044
20045
20049
20050
20053
20056
20080
20083
20088
20111
20126
20128
20135
20143
20148
20152
20154
20160
20166
20173
20176
20185
20190
20195
20200
20215
20216
20231
20234
20240
20247
20260
20263
20270
20279
20282
20286
20289
20304
20309
20310
20312
20316
20324
20332
20367
20374
20377
20379
20381
20388
20391
20409
20415
20416
20427
20437
20441
20444
20450
20454
20457
20464
20465
20471
20474
20485
20495
20505
20510
20542
20543
20549
20554
20571
20574
20578
20586
20594
20597
20601
20612
20640
20647
20653
20657
20668
20673
20676
20685
20689
20696
20700
20707
20708
20711
20712
20714
20717
20718
20730
20735
20737
20750
20751
20770
20775
20781
20782
20784
20791
20793
20827
20832
20834
20858
20871
20888
20894
20895
20896
20899
20918
20924
20934
20937
20940
20954
20957
20960
20963
20967
20973
20990
20992
20993
20999
21001
21008
21012
21021
21030
21036
21040
21050
21058
21059
21064
21065
21069
21075
21083
21085
21087
21088
21091
21095
21096
21102
21103
21107
21109
21116
21121
21133
21150
21152
21164
21167
21172
21175
21177
21182
21189
21191
21194
21209
21214
21228
21239
21241
21244
21245
21260
21265
21274
21275
21289
21291
21293
21294
21300
21305
21307
21318
21321
21326
21341
21347
21360
21365
21375
21380
21385
21398
21410
21414
21417
21420
21425
21436
21439
21442
21449
21454
21481
21483
21484
21487
21537
21543
21547
21557
21574
21577
21583
21589
21599
21600
21616
21627
21634
21637
21644
21655
21669
21681
21682
21683
21692
21701
21706
21711
21713
21720
21728
21733
21734
21739
21749
21755
21758
21765
21767
21772
21783
21790
21796
21815
21816
21818
21826
21830
21835
21838
21841
21844
21847
21849
21870
21871
21872
21889
21903
21907
21914
21936
21948
21949
21951
21956
21976
21978
21986
21995
22001
22005
22013
22017
22018
22022
22023
22034
22037
22049
22052
22056
22060
22063
22080
22084
22086
22095
22096
22097
22102
22110
22117
22123
22124
22126
22137
22143
22161
22169
22171
22185
22187
22192
22195
22199
22208
22209
22218
22226
22232
22254
22257
22261
22276
22278
22285
22286
22291
22295
22313
22314
22325
22326
22333
22341
22348
22350
22355
22365
22372
22384
22386
22398
22400
22418
22420
22425
22435
22440
22442
22447
22448
22454
22461
22468
22471
22480
22486
22494
22502
22512
22515
22536
22540
22541
22571
22574
22581
22593
22605
22607
22627
22652
22659
22660
22672
22695
22706
22710
22714
22716
22721
22724
22736
22741
22742
22749
22750
22753
22754
22755
22759
22761
22762
22777
22782
22796
22797
22802
22807
22815
22816
22818
22823
22824
22828
22830
22843
22846
22860
22872
22873
22874
22877
22882
22883
22888
22889
22892
22895
22923
22931
22932
22933
22943
22965
22977
22980
22984
22995
22999
23000
23009
23010
23015
23019
23032
23040
23057
23061
23071
23072
23075
23082
23084
23091
23094
23105
23110
23123
23142
23147
23149
23168
23183
23194
23203
23206
23209
23213
23216
23218
23219
23223
23227
23228
23241
23247
23253
23258
23259
23262
23275
23278
23281
23293
23300
23302
23305
23312
23320
23327
23329
23330
23355
23358
23364
23366
23369
23373
23383
23394
23408
23421
23423
23426
23435
23450
23454
23455
23463
23471
23479
23488
23495
23499
23501
23507
23508
23520
23527
23529
23535
23550
23551
23555
23565
23583
23589
23598
23602
23603
23612
23620
23621
23636
23655
23666
23672
23678
23682
23686
23689
23693
23694
23698
23704
23710
23716
23730
23736
23746
23753
23757
23766
23771
23772
23780
23804
23805
23808
23821
23824
23827
23830
23832
23833
23842
23843
23845
23855
23864
23865
23868
23870
23871
23873
23877
23878
23882
23885
23889
23897
23917
23921
23951
23956
23959
23964
23971
23975
23976
23989
23994
24008
24010
24013
24032
24042
24045
24048
24052
24065
24072
24075
24091
24098
24102
24106
24111
24130
24140
24142
24145
24147
24148
24150
24156
24164
24168
24169
24175
24187
24195
24201
24221
24227
24233
24245
24252
24257
24260
24266
24269
24272
24274
24277
24285
24286
24301
24307
24325
24330
24334
24336
24343
24345
24364
24373
24385
24390
24394
24397
24403
24412
24421
24424
24436
24458
24465
24477
24503
24504
24506
24507
24512
24514
24526
24537
24541
24559
24560
24564
24594
24601
24604
24606
24608
24611
24613
24616
24619
24622
24627
24630
24632
24636
24642
24648
24658
24671
24680
24690
24704
24705
24715
24723
24728
24742
24748
24754
24761
24765
24766
24771
24782
24792
24796
24800
24817
24820
24824
24833
24835
24840
24848
24861
24864
24866
24868
24892
24902
24904
24907
24909
24913
24927
24931
24934
24939
24940
24941
24943
24950
24951
24953
24958
24961
24978
24987
24992
24996
25011
25017
25029
25032
25052
25078
25087
25093
25098
25102
25104
25105
25113
25117
25119
25127
25136
25138
25154
25167
25171
25174
25177
25183
25214
25249
25264
25269
25270
25288
25306
25316
25321
25326
25335
25337
25344
25351
25366
25370
25375
25376
25386
25387
25390
25391
25395
25401
25404
25414
25415
25416
25421
25424
25428
25432
25434
25439
25457
25467
25468
25473
25487
25510
25517
25518
25522
25540
25548
25562
25567
25572
25575
25576
25582
25585
25587
25595
25596
25608
25622
25632
25634
25635
25652
25654
25655
25662
25667
25674
25677
25692
25696
25704
25706
25710
25712
25725
25727
25728
25732
25737
25748
25758
25760
25764
25778
25786
25789
25792
25794
25796
25803
25804
25846
25856
25857
25860
25865
25870
25871
25874
25881
25891
25893
25903
25911
25929
25937
25940
25946
25947
25953
25961
25962
25963
25976
25986
25993
25994
26012
26023
26038
26041
26043
26047
26050
26051
26065
26088
26089
26090
26093
26095
26120
26121
26122
26127
26135
26137
26138
26151
26154
26155
26157
26158
26161
26167
26188
26189
26196
26197
26203
26204
26208
26218
26219
26226
26238
26250
26259
26267
26271
26275
26283
26288
26291
26303
26318
26321
26324
26329
26335
26338
26339
26342
26361
26362
26371
26380
26383
26385
26386
26390
26396
26397
26399
26400
26411
26414
26416
26430
26432
26433
26440
26446
26452
26457
26461
26471
26476
26486
26488
26491
26502
26508
26510
26516
26518
26520
26521
26523
26533
26534
26536
26541
26550
26552
26557
26570
26574
26578
26582
26585
26586
26588
26589
26593
26594
26600
26602
26604
26617
26628
26629
26631
26634
26649
26654
26658
26662
26682
26684
26685
26687
26689
26692
26693
26700
26702
26708
26711
26730
26731
26735
26746
26755
26759
26761
26764
26783
26784
26790
26809
26829
26840
26852
26871
26885
26905
26908
26917
26922
26934
26935
26937
26950
26953
26959
26963
26977
26978
26981
26983
27009
27018
27022
27037
27042
27048
27055
27059
27064
27083
27106
27109
27110
27112
27116
27117
27120
27123
27141
27145
27163
27164
27174
27176
27178
27180
27184
27189
27192
27193
27195
27196
27200
27207
27211
27212
27214
27216
27217
27230
27234
27235
27239
27254
27263
27271
27276
27290
27299
27301
27305
27354
27365
27391
27394
27397
27399
27415
27418
27419
27440
27442
27444
27445
27448
27453
27460
27465
27472
27480
27482
27491
27501
27506
27507
27512
27516
27522
27525
27540
27541
27542
27543
27553
27557
27562
27569
27575
27576
27580
27581
27583
27617
27619
27621
27623
27624
27625
27638
27647
27652
27653
27674
27686
27688
27699
27707
27709
27715
27727
27729
27730
27736
27739
27750
27753
27758
27773
27783
27784
27786
27788
27797
27801
27810
27812
27821
27824
27830
27834
27836
27838
27848
27851
27853
27861
27875
27878
27882
27890
27898
27899
27902
27903
27909
27910
27911
27920
27933
27945
27950
27954
27957
27976
27982
27996
28003
28005
28016
28023
28028
28030
28031
28048
28056
28066
28070
28084
28090
28097
28122
28131
28134
28143
28144
28154
28160
28161
28165
28166
28167
28175
28185
28191
28197
28200
28207
28216
28218
28220
28225
28229
28237
28243
28245
28246
28249
28261
28267
28268
28269
28270
28279
28280
28282
28290
28298
28303
28313
28314
28320
28321
28328
28334
28339
28347
28348
28351
28357
28361
28368
28399
28400
28402
28404
28417
28431
28440
28441
28448
28450
28463
28464
28470
28472
28473
28507
28520
28522
28530
28537
28541
28543
28549
28551
28557
28564
28575
28577
28581
28586
28587
28598
28604
28613
28618
28628
28635
28637
28655
28658
28665
28666
28681
28695
28706
28707
28710
28719
28724
28747
28752
28753
28759
28763
28766
28778
28791
28810
28816
28820
28822
28831
28848
28850
28852
28853
28863
28870
28875
28880
28883
28888
28905
28906
28924
28930
28931
28934
28939
28940
28942
28948
28949
28955
28964
28968
28970
28971
28973
28980
28984
28992
29007
29021
29027
29029
29031
29043
29047
29049
29051
29060
29062
29076
29077
29080
29083
29087
29095
29099
29107
29108
29109
29119
29126
29127
29131
29136
29140
29149
29155
29162
29163
29167
29176
29178
29187
29197
29202
29211
29214
29226
29230
29234
29240
29243
29249
29260
29270
29271
29278
29295
29296
29302
29309
29310
29311
29316
29329
29331
29333
29335
29337
29343
29348
29361
29372
29382
29392
29393
29397
29400
29401
29411
29412
29413
29414
29416
29419
29424
29427
29428
29430
29434
29435
29447
29458
29459
29470
29472
29474
29485
29496
29500
29506
29507
29510
29512
29524
29529
29530
29532
29533
29535
29546
29548
29555
29566
29569
29578
29580
29594
29599
29607
29621
29629
29647
29648
29650
29654
29657
29658
29664
29676
29685
29686
29691
29695
29710
29712
29715
29723
29727
29740
29746
29756
29759
29776
29780
29785
29791
29797
29814
29818
29837
29852
29853
29859
29870
29876
29881
29886
29890
29896
29903
29907
29910
29912
29914
29919
29923
29945
29948
29950
29958
29974
29977
29982
29986
29995
30002
30005
30006
30007
30008
30021
30025
30027
30030
30031
30033
30034
30037
30040
30046
30057
30062
30076
30087
30095
30096
30098
30108
30115
30126
30149
30159
30161
30171
30173
30174
30182
30187
30188
30199
30200
30201
30202
30204
30209
30253
30265
30268
30270
30289
30291
30292
30300
30308
30310
30321
30322
30325
30327
30337
30341
30349
30354
30355
30360
30366
30367
30368
30370
30397
30407
30414
30416
30420
30424
30425
30435
30441
30445
30447
30450
30459
30464
30467
30476
30477
30484
30485
30491
30508
30518
30522
30525
30530
30532
30541
30545
30550
30565
30567
30569
30578
30579
30584
30590
30592
30597
30601
30602
30603
30605
30606
30614
30628
30629
30631
30634
30635
30648
30651
30660
30667
30677
30679
30685
30687
30697
30703
30711
30732
30740
30758
30763
30765
30768
30769
30772
30775
30784
30786
30790
30802
30809
30816
30817
30820
30822
30831
30847
30879
30880
30881
30887
30896
30899
30902
30914
30915
30939
30975
30980
30995
31001
31013
31016
31017
31020
31024
31025
31026
31032
31034
31040
31052
31056
31065
31079
31084
31094
31100
31101
31107
31109
31116
31128
31139
31142
31146
31147
31158
31161
31162
31173
31174
31175
31181
31182
31186
31190
31192
31194
31196
31205
31212
31220
31222
31230
31231
31234
31237
31242
31243
31246
31255
31258
31265
31267
31271
31275
31282
31285
31301
31302
31304
31330
31335
31337
31343
31354
31367
31375
31380
31386
31390
31396
31405
31406
31410
31411
31413
31417
31420
31430
31435
31453
31457
31467
31484
31493
31496
31500
31506
31538
31550
31551
31553
31554
31557
31558
31564
31568
31570
31575
31581
31588
31591
31598
31599
31606
31609
31626
31629
31634
31638
31650
31651
31654
31655
31658
31662
31673
31674
31675
31681
31690
31695
31697
31698
31708
31716
31725
31728
31753
31770
31775
31777
31786
31789
31825
31827
31833
31843
31875
31876
31888
31889
31901
31919
31924
31925
31935
31938
31947
31948
31951
31958
31964
31974
31982
31993
32010
32012
32026
32030
32045
32048
32057
32062
32070
32071
32074
32076
32080
32083
32089
32091
32094
32096
32098
32104
32111
32130
32145
32147
32156
32161
32164
32166
32168
32175
32177
32192
32201
32205
32208
32211
32223
32238
32243
32249
32252
32269
32274
32276
32295
32299
32300
32304
32305
32312
32321
32324
32327
32328
32338
32342
32343
32363
32370
32378
32401
32402
32403
32408
32415
32420
32424
32425
32430
32434
32437
32438
32444
32451
32453
32454
32455
32471
32473
32474
32482
32486
32494
32517
32518
32520
32524
32528
32535
32541
32563
32577
32581
32595
32601
32602
32609
32618
32619
32623
32637
32642
32650
32661
32663
32666
32674
32689
32710
32713
32715
32719
32720
32736
32737
32770
32775
32780
32789
32805
32824
32826
32828
32841
32842
32848
32852
32857
32860
32867
32869
32872
32874
32880
32882
32883
32884
32892
32905
32912
32914
32915
32916
32918
32928
32932
32943
32953
32965
32968
32975
32976
32978
32981
32982
33005
33006
33010
33018
33020
33027
33029
33033
33038
33048
33053
33062
33070
33084
33088
33095
33099
33104
33112
33121
33122
33125
33136
33139
33142
33153
33157
33158
33163
33165
33169
33172
33177
33178
33186
33188
33194
33205
33208
33214
33221
33237
33240
33242
33262
33267
33278
33284
33285
33299
33303
33304
33308
33310
33313
33318
33326
33333
33341
33345
33346
33352
33354
33355
33377
33381
33382
33389
33401
33430
33436
33442
33443
33444
33449
33453
33456
33468
33475
33478
33484
33488
33490
33505
33507
33510
33523
33529
33534
33545
33548
33551
33582
33583
33584
33593
33595
33600
33604
33605
33606
33615
33616
33628
33631
33634
33643
33648
33651
33658
33671
33673
33719
33729
33731
33734
33738
33766
33773
33776
33780
33784
33788
33797
33805
33806
33810
33822
33830
33836
33845
33881
33890
33892
33894
33901
33906
33919
33929
33932
33938
33942
33960
33961
33992
34001
34008
34027
34028
34030
34031
34033
34044
34050
34051
34076
34077
34088
34095
34106
34109
34111
34117
34126
34135
34150
34153
34156
34157
34162
34170
34172
34174
34189
34191
34203
34204
34207
34214
34227
34240
34253
34263
34265
34267
34280
34288
34295
34301
34303
34306
34310
34313
34316
34318
34330
34353
34354
34358
34360
34363
34365
34366
34371
34372
34382
34384
34388
34389
34390
34394
34396
34398
34400
34401
34426
34428
34430
34432
34437
34462
34463
34465
34469
34471
34477
34478
34482
34493
34503
34511
34528
34530
34548
34549
34554
34558
34571
34574
34584
34588
34595
34596
34597
34615
34634
34645
34647
34655
34657
34668
34674
34680
34681
34684
34697
34702
34705
34713
34715
34719
34720
34731
34742
34747
34771
34781
34786
34789
34793
34796
34799
34804
34812
34816
34819
34823
34825
34830
34832
34835
34840
34852
34853
34858
34864
34868
34876
34877
34893
34897
34906
34910
34918
34925
34932
34937
34941
34951
34967
34976
34979
35002
35016
35020
35026
35027
35038
35044
35056
35059
35061
35065
35079
35081
35083
35107
35113
35120
35122
35127
35133
35141
35148
35152
35154
35157
35177
35179
35197
35199
35206
35215
35225
35227
35228
35230
35233
35234
35240
35249
35253
35257
35259
35263
35269
35298
35300
35304
35319
35331
35335
35342
35347
35353
35357
35362
35365
35368
35384
35392
35408
35412
35414
35416
35422
35423
35425
35427
35445
35462
35464
35479
35480
35484
35489
35491
35492
35505
35519
35522
35524
35529
35530
35540
35550
35564
35566
35567
35572
35575
35603
35608
35612
35613
35622
35624
35632
35638
35642
35643
35651
35652
35654
35658
35680
35692
35707
35718
35721
35726
35730
35751
35758
35759
35760
35762
35767
35773
35776
35783
35787
35792
35795
35799
35801
35808
35811
35815
35819
35835
35837
35838
35842
35857
35860
35865
35868
35869
35878
35889
35893
35901
35927
35931
35939
35950
35955
35957
35962
35970
35971
35981
35983
35990
36007
36009
36016
36034
36042
36046
36054
36058
36061
36064
36069
36083
36104
36108
36115
36117
36125
36127
36128
36129
36130
36135
36144
36148
36149
36153
36155
36176
36191
36194
36219
36222
36224
36230
36243
36246
36251
36252
36254
36260
36268
36271
36279
36280
36286
36312
36319
36322
36327
36328
36330
36334
36337
36342
36350
36353
36358
36359
36377
36383
36391
36393
36396
36403
36415
36424
36426
36427
36434
36436
36451
36457
36469
36475
36479
36480
36481
36494
36521
36522
36525
36527
36533
36559
36565
36567
36568
36578
36585
36589
36598
36604
36608
36613
36618
36619
36624
36629
36631
36639
36650
36659
36672
36678
36687
36692
36696
36701
36703
36705
36721
36725
36728
36729
36750
36751
36755
36762
36763
36764
36778
36780
36785
36791
36794
36795
36817
36821
36830
36831
36845
36849
36852
36864
36865
36873
36881
36907
36908
36913
36916
36918
36929
36937
36938
36964
36965
36966
36973
36974
36975
36982
36987
36991
36993
36999
37003
37013
37014
37015
37017
37021
37025
37027
37033
37037
37051
37059
37067
37068
37077
37085
37087
37103
37109
37110
37112
37115
37126
37127
37129
37131
37133
37135
37136
37148
37149
37164
37178
37194
37195
37199
37202
37220
37222
37235
37238
37239
37252
37256
37259
37262
37265
37266
37268
37273
37276
37278
37280
37281
37284
37301
37311
37317
37318
37323
37329
37332
37338
37342
37344
37353
37356
37368
37372
37380
37382
37386
37389
37402
37408
37414
37418
37423
37424
37426
37431
37436
37452
37468
37472
37488
37502
37504
37513
37528
37533
37536
37538
37540
37542
37545
37547
37554
37557
37558
37564
37565
37593
37595
37596
37607
37608
37612
37619
37630
37646
37650
37651
37652
37654
37669
37673
37674
37678
37681
37685
37687
37704
37706
37714
37716
37723
37724
37725
37734
37745
37750
37755
37757
37763
37767
37769
37771
37781
37782
37787
37791
37793
37810
37812
37818
37825
37826
37833
37843
37845
37864
37868
37874
37892
37896
37901
37914
37927
37930
37940
37950
37965
37969
37974
37989
37996
37997
38004
38006
38009
38016
38034
38036
38044
38046
38062
38071
38086
38087
38096
38099
38102
38104
38112
38115
38119
38121
38128
38153
38165
38168
38169
38184
38188
38194
38199
38209
38212
38214
38220
38238
38241
38256
38268
38279
38285
38295
38301
38304
38306
38315
38320
38324
38325
38337
38346
38347
38355
38357
38360
38365
38369
38371
38376
38386
38388
38399
38400
38414
38423
38424
38426
38427
38431
38435
38437
38438
38448
38451
38453
38472
38476
38484
38502
38508
38516
38522
38525
38527
38533
38580
38586
38602
38605
38608
38626
38629
38631
38635
38639
38641
38647
38655
38657
38658
38671
38672
38674
38679
38689
38690
38696
38701
38705
38721
38732
38741
38752
38754
38757
38771
38774
38793
38803
38804
38812
38813
38825
38829
38830
38866
38880
38902
38903
38921
38934
38947
38953
38955
38956
38968
38976
38978
38983
38988
38989
38992
38995
39011
39012
39013
39045
39057
39074
39077
39078
39082
39089
39095
39096
39097
39143
39154
39161
39181
39184
39191
39195
39201
39204
39207
39214
39230
39236
39240
39252
39255
39257
39260
39266
39272
39289
39299
39303
39305
39314
39315
39319
39322
39325
39330
39342
39344
39348
39349
39353
39360
39364
39366
39383
39394
39404
39407
39421
39422
39429
39435
39445
39449
39459
39474
39484
39495
39497
39502
39510
39516
39517
39526
39534
39553
39568
39572
39583
39586
39593
39597
39605
39619
39622
39628
39629
39634
39636
39638
39653
39656
39657
39658
39662
39666
39669
39689
39700
39705
39712
39714
39737
39739
39746
39753
39760
39762
39772
39775
39781
39783
39786
39792
39799
39800
39810
39811
39812
39822
39832
39843
39850
39863
39864
39865
39877
39889
39890
39915
39917
39926
39931
39935
39947
39955
39958
39961
39976
39983
39989
40015
40016
40022
40023
40024
40034
40042
40050
40055
40068
40087
40094
40104
40105
40120
40139
40140
40141
40142
40156
40157
40167
40174
40178
40179
40181
40188
40189
40195
40196
40200
40219
40224
40228
40232
40235
40236
40237
40238
40249
40254
40256
40266
40268
40272
40275
40276
40278
40290
40294
40295
40296
40305
40314
40319
40323
40329
40332
40335
40337
40359
40370
40372
40379
40386
40390
40393
40400
40401
40402
40403
40406
40422
40424
40430
40452
40462
40467
40474
40481
40490
40500
40510
40511
40525
40534
40539
40546
40549
40558
40562
40570
40576
40586
40596
40606
40610
40628
40635
40641
40644
40645
40652
40658
40673
40676
40677
40685
40702
40707
40715
40719
40723
40732
40741
40743
40749
40751
40756
40762
40766
40775
40778
40779
40787
40799
40813
40818
40822
40835
40852
40858
40859
40863
40877
40918
40932
40938
40941
40945
40946
40949
40962
40967
40969
40978
40982
40989
40991
41007
41016
41017
41018
41019
41020
41025
41028
41038
41041
41045
41064
41066
41075
41077
41082
41085
41089
41094
41117
41132
41134
41139
41143
41153
41156
41158
41161
41165
41166
41173
41174
41188
41203
41204
41217
41224
41226
41227
41233
41242
41243
41266
41279
41282
41284
41291
41303
41307
41316
41317
41319
41331
41349
41359
41372
41375
41376
41378
41380
41382
41388
41396
41397
41401
41402
41405
41409
41419
41433
41434
41437
41438
41460
41469
41476
41490
41494
41498
41502
41508
41509
41511
41512
41517
41535
41540
41541
41542
41547
41573
41574
41577
41580
41581
41595
41612
41613
41618
41630
41634
41641
41652
41665
41674
41675
41691
41702
41703
41711
41715
41720
41721
41723
41731
41734
41735
41736
41737
41741
41743
41744
41759
41771
41783
41797
41801
41819
41831
41833
41841
41848
41855
41868
41885
41893
41907
41912
41914
41922
41926
41930
41933
41934
41941
41945
41946
41955
41956
41962
41964
41965
41974
41988
41993
42001
42006
42008
42009
42010
42011
42019
42020
42023
42024
42030
42040
42046
42047
42053
42058
42062
42065
42066
42069
42073
42074
42078
42079
42080
42097
42098
42100
42104
42105
42109
42112
42114
42122
42123
42138
42143
42146
42149
42153
42166
42177
42183
42185
42207
42213
42218
42230
42244
42255
42257
42264
42268
42273
42278
42282
42289
42303
42316
42323
42341
42344
42345
42351
42356
42360
42374
42387
42395
42396
42397
42400
42406
42419
42431
42433
42436
42441
42465
42471
42479
42491
42495
42500
42507
42512
42513
42518
42535
42538
42541
42543
42545
42546
42562
42566
42571
42578
42579
42590
42605
42608
42627
42647
42661
42662
42663
42667
42668
42675
42695
42696
42698
42706
42727
42731
42744
42748
42749
42756
42757
42762
42766
42767
42769
42774
42786
42801
42804
42808
42825
42841
42845
42848
42865
42872
42873
42880
42884
42892
42901
42906
42908
42912
42916
42924
42926
42927
42932
42937
42942
42945
42950
42967
42968
42977
42980
42982
42999
43003
43021
43049
43056
43057
43063
43074
43077
43083
43091
43092
43100
43105
43115
43128
43130
43133
43139
43150
43154
43163
43169
43170
43177
43178
43180
43181
43186
43208
43221
43229
43233
43257
43258
43274
43278
43282
43307
43319
43326
43332
43340
43341
43346
43347
43357
43362
43368
43371
43380
43381
43391
43399
43406
43411
43418
43426
43430
43431
43440
43446
43447
43448
43455
43456
43481
43488
43498
43499
43505
43517
43518
43529
43544
43549
43552
43554
43559
43568
43572
43582
43590
43600
43602
43611
43617
43620
43627
43633
43634
43645
43649
43655
43657
43660
43665
43667
43668
43680
43683
43684
43694
43703
43712
43714
43718
43721
43723
43728
43734
43735
43742
43764
43789
43793
43797
43806
43807
43809
43815
43817
43820
43822
43827
43829
43834
43851
43861
43870
43897
43907
43908
43911
43915
43927
43930
43936
43943
43945
43949
43967
43983
43990
43995
44004
44014
44026
44030
44031
44033
44039
44049
44054
44060
44065
44069
44088
44102
44107
44117
44120
44126
44143
44145
44149
44154
44162
44163
44176
44184
44198
44203
44208
44209
44214
44216
44221
44223
44234
44239
44245
44247
44250
44260
44266
44280
44288
44289
44292
44293
44294
44306
44307
44312
44321
44323
44346
44349
44355
44363
44365
44372
44382
44391
44392
44393
44411
44413
44435
44442
44448
44456
44458
44472
44477
44478
44479
44480
44481
44485
44495
44505
44510
44519
44524
44534
44537
44538
44540
44543
44544
44560
44566
44572
44574
44578
44581
44585
44594
44595
44600
44614
44622
44630
44638
44642
44645
44646
44655
44664
44666
44669
44692
44696
44725
44728
44730
44734
44752
44764
44767
44774
44775
44776
44778
44780
44781
44783
44789
44790
44791
44803
44808
44809
44811
44813
44833
44834
44835
44841
44849
44851
44860
44881
44883
44891
44893
44894
44897
44900
44907
44911
44913
44914
44918
44922
44926
44932
44938
44939
44942
44955
44959
44969
44975
44980
44981
44984
44996
45004
45007
45015
45016
45017
45031
45035
45044
45049
45053
45057
45063
45067
45070
45076
45082
45085
45088
45095
45097
45107
45111
45113
45116
45118
45125
45131
45137
45138
45139
45143
45144
45149
45155
45168
45179
45180
45194
45196
45198
45199
45202
45213
45216
45218
45219
45229
45230
45240
45264
45277
45284
45291
45301
45304
45310
45319
45320
45324
45340
45348
45352
45357
45358
45387
45391
45395
45403
45417
45440
45483
45487
45488
45508
45521
45531
45534
45535
45539
45547
45548
45563
45575
45586
45590
45598
45602
45605
45616
45621
45627
45629
45634
45637
45640
45644
45646
45670
45672
45674
45678
45681
45693
45699
45702
45705
45706
45712
45715
45717
45720
45722
45724
45727
45750
45755
45762
45763
45764
45765
45767
45774
45776
45782
45783
45788
45796
45799
45809
45814
45819
45828
45835
45845
45869
45879
45896
45898
45908
45916
45918
45926
45929
45936
45941
45943
45957
45962
45969
45972
45977
45979
45994
45996
45998
45999
46000
46004
46006
46011
46012
46026
46034
46038
46048
46056
46060
46062
46063
46064
46074
46076
46078
46082
46087
46090
46098
46113
46120
46126
46129
46130
46135
46140
46147
46152
46154
46159
46166
46172
46189
46190
46192
46197
46198
46217
46232
46234
46248
46251
46260
46263
46264
46266
46268
46274
46284
46291
46296
46300
46324
46340
46345
46348
46355
46356
46360
46365
46376
46377
46384
46387
46403
46419
46420
46434
46437
46441
46443
46445
46450
46455
46457
46466
46472
46481
46487
46489
46508
46516
46521
46525
46527
46528
46541
46555
46559
46565
46569
46577
46582
46591
46610
46611
46614
46618
46621
46634
46654
46669
46673
46674
46687
46692
46696
46707
46716
46725
46727
46743
46745
46761
46765
46767
46772
46773
46777
46778
46782
46787
46790
46791
46794
46798
46804
46821
46835
46849
46855
46858
46862
46869
46873
46880
46893
46894
46903
46904
46909
46916
46920
46925
46928
46929
46933
46935
46942
46948
46958
46961
46966
46973
46976
46981
46982
46987
46996
47000
47012
47022
47031
47042
47045
47053
47055
47067
47069
47073
47089
47090
47094
47108
47117
47123
47125
47126
47131
47145
47150
47154
47166
47169
47174
47175
47182
47186
47189
47193
47203
47211
47213
47216
47217
47227
47230
47231
47233
47239
47244
47250
47257
47265
47279
47290
47301
47304
47306
47309
47329
47330
47333
47335
47338
47351
47361
47380
47383
47387
47400
47406
47409
47412
47413
47414
47420
47424
47425
47436
47438
47447
47452
47455
47456
47457
47459
47469
47482
47485
47496
47500
47503
47507
47514
47517
47540
47546
47550
47553
47555
47557
47561
47562
47579
47600
47607
47609
47615
47618
47624
47626
47628
47634
47639
47640
47646
47652
47656
47660
47665
47666
47677
47695
47699
47710
47713
47714
47715
47724
47734
47752
47758
47759
47766
47767
47768
47771
47774
47786
47794
47795
47798
47800
47804
47819
47823
47830
47844
47851
47852
47860
47861
47870
47872
47874
47898
47901
47902
47907
47909
47912
47928
47929
47934
47956
47964
47967
47976
47979
47996
48014
48016
48029
48035
48042
48043
48044
48048
48050
48054
48057
48072
48075
48080
48083
48085
48086
48088
48093
48099
48104
48113
48116
48132
48138
48143
48144
48145
48147
48152
48160
48164
48171
48180
48186
48187
48188
48202
48212
48214
48241
48248
48269
48272
48281
48291
48292
48293
48305
48325
48350
48360
48371
48372
48377
48383
48386
48388
48406
48408
48411
48413
48415
48423
48427
48429
48431
48434
48436
48437
48448
48451
48471
48476
48477
48478
48492
48493
48499
48500
48515
48516
48530
48533
48534
48541
48545
48550
48562
48565
48577
48578
48591
48602
48605
48612
48620
48622
48625
48626
48630
48633
48639
48641
48647
48652
48672
48673
48675
48687
48696
48708
48709
48721
48727
48740
48743
48758
48764
48769
48772
48784
48785
48796
48797
48799
48809
48812
48838
48841
48852
48856
48857
48870
48871
48875
48884
48885
48915
48917
48920
48921
48932
48933
48935
48937
48941
48948
48949
48966
48975
48976
48984
48992
48993
48996
49000
49002
49010
49019
49039
49044
49055
49066
49069
49079
49087
49094
49116
49121
49127
49135
49136
49139
49146
49156
49166
49171
49174
49191
49192
49197
49200
49203
49226
49240
49241
49251
49254
49258
49260
49263
49274
49279
49281
49285
49291
49292
49295
49302
49308
49323
49337
49345
49363
49372
49373
49374
49376
49378
49396
49414
49415
49430
49433
49451
49452
49463
49477
49486
49490
49497
49503
49505
49510
49516
49524
49525
49542
49558
49581
49587
49589
49592
49596
49611
49612
49616
49618
49626
49634
49641
49645
49650
49664
49677
49681
49692
49701
49704
49714
49718
49722
49723
49726
49729
49737
49742
49743
49747
49761
49768
49769
49794
49821
49836
49853
49865
49869
49885
49892
49893
49903
49904
49906
49907
49909
49911
49913
49919
49945
49952
49953
49956
49958
49969
49972
49983
49995
49998
49999
50001
50005
50008
50011
50023
50032
50040
50046
50047
50054
50055
50061
50065
50066
50070
50082
50084
50087
50088
50091
50109
50110
50124
50126
50132
50150
50163
50171
50175
50180
50200
50222
50224
50235
50237
50242
50244
50246
50261
50276
50281
50283
50304
50307
50318
50324
50360
50368
50400
50407
50422
50453
50454
50464
50476
50486
50500
50510
50523
50528
50529
50537
50544
50569
50580
50583
50587
50595
50597
50602
50605
50607
50612
50621
50626
50627
50638
50641
50648
50657
50659
50661
50672
50683
50685
50690
50691
50695
50703
50710
50718
50721
50729
50741
50747
50749
50757
50759
50760
50761
50766
50767
50779
50791
50794
50798
50808
50813
50814
50817
50818
50820
50821
50825
50829
50833
50844
50863
50884
50888
50896
50898
50905
50910
50920
50923
50928
50929
50935
50936
50941
50951
50965
50971
50972
50983
50992
50996
51003
51007
51014
51022
51029
51037
51052
51053
51067
51076
51083
51089
51091
51092
51093
51096
51110
51111
51122
51132
51133
51138
51158
51167
51168
51171
51179
51182
51188
51198
51200
51202
51214
51217
51220
51223
51224
51229
51242
51252
51268
51270
51280
51284
51285
51288
51291
51298
51302
51303
51313
51321
51324
51336
51339
51342
51346
51349
51353
51358
51362
51374
51375
51388
51394
51406
51408
51419
51422
51426
51435
51437
51438
51445
51447
51453
51455
51482
51488
51497
51503
51506
51511
51513
51519
51536
51542
51553
51566
51568
51586
51593
51598
51606
51609
51617
51618
51637
51642
51650
51663
51666
51669
51682
51688
51699
51702
51710
51713
51714
51723
51732
51737
51738
51742
51744
51748
51749
51755
51757
51759
51762
51765
51769
51786
51787
51792
51800
51810
51811
51813
51814
51819
51822
51831
51835
51842
51850
51867
51873
51874
51881
51883
51890
51894
51899
51902
51906
51911
51924
51925
51928
51932
51942
51945
51950
51958
51965
51972
51991
52008
52012
52015
52019
52023
52025
52030
52050
52061
52066
52067
52080
52082
52091
52093
52096
52100
52107
52114
52115
52117
52127
52130
52144
52146
52154
52157
52177
52180
52181
52192
52202
52208
52210
52217
52222
52226
52229
52232
52258
52263
52264
52292
52299
52300
52307
52318
52324
52328
52330
52333
52346
52349
52352
52356
52358
52360
52365
52367
52374
52376
52384
52389
52390
52393
52397
52400
52414
52418
52432
52434
52438
52454
52458
52470
52475
52487
52491
52494
52498
52501
52502
52515
52520
52521
52534
52536
52537
52541
52551
52553
52562
52586
52588
52607
52615
52616
52619
52620
52621
52633
52639
52647
52651
52656
52664
52670
52673
52678
52690
52694
52703
52704
52706
52712
52737
52739
52747
52761
52773
52775
52789
52802
52815
52816
52826
52829
52833
52856
52881
52896
52900
52905
52915
52919
52921
52932
52934
52937
52943
52947
52950
52965
52978
52985
53003
53005
53007
53016
53049
53054
53064
53069
53088
53100
53101
53129
53133
53136
53149
53155
53161
53162
53163
53166
53168
53170
53195
53202
53205
53208
53219
53223
53229
53257
53258
53263
53264
53296
53297
53311
53312
53330
53331
53337
53344
53358
53360
53362
53369
53371
53379
53380
53384
53387
53389
53391
53393
53395
53396
53407
53415
53419
53429
53430
53433
53434
53440
53444
53446
53456
53464
53465
53479
53485
53489
53501
53508
53511
53514
53515
53521
53522
53524
53534
53540
53552
53558
53561
53566
53578
53582
53588
53600
53608
53619
53623
53638
53642
53648
53653
53655
53656
53657
53663
53682
53683
53687
53688
53696
53707
53714
53717
53729
53745
53748
53750
53754
53763
53764
53780
53789
53792
53795
53796
53800
53805
53810
53816
53830
53831
53833
53835
53839
53841
53851
53859
53887
53888
53889
53896
53898
53904
53911
53923
53926
53942
53943
53946
53957
53962
53963
53974
53981
53984
53997
54001
54002
54015
54016
54019
54022
54038
54040
54053
54056
54083
54094
54111
54118
54121
54125
54133
54137
54142
54144
54145
54146
54150
54171
54188
54190
54195
54203
54207
54220
54224
54229
54243
54245
54247
54252
54261
54265
54275
54276
54283
54293
54298
54302
54304
54305
54314
54316
54329
54330
54335
54336
54338
54340
54350
54370
54371
54375
54376
54389
54415
54421
54422
54440
54442
54458
54460
54461
54462
54475
54478
54482
54483
54485
54492
54495
54496
54497
54510
54513
54521
54536
54550
54560
54567
54568
54575
54586
54610
54621
54622
54626
54638
54648
54650
54651
54667
54688
54705
54710
54718
54720
54726
54728
54740
54766
54767
54771
54776
54778
54779
54781
54784
54791
54793
54801
54813
54816
54817
54825
54831
54832
54842
54848
54849
54852
54859
54865
54868
54869
54879
54881
54889
54891
54904
54906
54919
54920
54922
54923
54926
54927
54932
54934
54936
54949
54955
54962
54973
54979
54983
54995
55011
55013
55020
55023
55025
55029
55035
55036
55047
55059
55064
55090
55093
55097
55098
55100
55108
55116
55130
55138
55141
55148
55153
55162
55170
55171
55172
55180
55192
55195
55201
55206
55207
55210
55231
55233
55244
55245
55246
55249
55255
55272
55274
55304
55310
55312
55317
55340
55343
55355
55356
55359
55365
55388
55389
55405
55408
55416
55422
55423
55428
55453
55455
55460
55464
55470
55471
55476
55481
55486
55495
55522
55527
55536
55542
55546
55553
55555
55561
55566
55574
55575
55592
55600
55602
55605
55606
55611
55615
55623
55624
55626
55630
55632
55637
55638
55643
55645
55646
55667
55670
55671
55673
55677
55686
55688
55691
55692
55695
55696
55705
55715
55720
55722
55725
55728
55733
55737
55742
55750
55756
55758
55763
55770
55771
55794
55797
55810
55815
55817
55827
55833
55843
55846
55855
55856
55862
55866
55867
55870
55901
55904
55909
55916
55931
55940
55952
55961
55973
55974
55980
55988
56013
56018
56022
56026
56031
56037
56048
56056
56057
56058
56060
56061
56062
56069
56071
56082
56083
56088
56093
56108
56110
56118
56119
56121
56133
56134
56135
56136
56143
56146
56154
56171
56185
56192
56196
56197
56198
56203
56208
56210
56212
56221
56238
56239
56271
56280
56281
56300
56307
56308
56311
56318
56330
56344
56356
56368
56370
56377
56378
56382
56384
56391
56393
56395
56398
56403
56410
56432
56433
56435
56436
56455
56459
56463
56467
56485
56488
56489
56492
56506
56512
56513
56520
56522
56526
56528
56530
56532
56534
56548
56574
56575
56581
56597
56611
56632
56639
56641
56642
56647
56652
56653
56654
56660
56667
56673
56677
56687
56690
56697
56700
56714
56716
56722
56734
56742
56748
56754
56755
56779
56782
56787
56790
56803
56809
56810
56811
56829
56833
56842
56844
56849
56859
56864
56865
56868
56878
56880
56888
56893
56904
56907
56922
56923
56924
56930
56931
56936
56948
56949
56952
56958
56961
56971
56973
56975
56976
56978
56981
56987
56988
57005
57009
57011
57012
57023
57035
57041
57043
57045
57047
57054
57057
57074
57076
57084
57093
57094
57104
57114
57115
57116
57133
57136
57145
57156
57160
57175
57190
57192
57197
57204
57208
57211
57214
57216
57218
57229
57230
57234
57239
57244
57253
57270
57271
57280
57282
57285
57287
57295
57296
57299
57312
57331
57333
57340
57341
57344
57345
57347
57348
57373
57377
57380
57392
57393
57398
57402
57417
57419
57421
57427
57432
57436
57438
57460
57464
57465
57478
57481
57482
57501
57512
57516
57517
57522
57527
57528
57540
57541
57544
57547
57553
57555
57566
57567
57570
57572
57573
57578
57580
57585
57590
57594
57600
57601
57604
57605
57630
57647
57659
57661
57669
57688
57689
57690
57705
57706
57710
57711
57717
57718
57730
57739
57744
57748
57761
57765
57773
57777
57780
57788
57789
57790
57797
57798
57800
57811
57813
57818
57821
57823
57827
57832
57836
57843
57850
57857
57875
57880
57882
57893
57895
57907
57910
57934
57937
57938
57939
57943
57949
57951
57957
57970
57977
57980
57981
57994
58011
58015
58027
58049
58052
58062
58065
58073
58081
58085
58087
58089
58092
58102
58107
58108
58114
58116
58119
58123
58124
58138
58141
58143
58147
58157
58161
58162
58163
58168
58172
58176
58180
58191
58208
58215
58222
58234
58235
58246
58252
58255
58259
58261
58263
58267
58269
58271
58272
58282
58285
58287
58294
58316
58324
58335
58341
58349
58364
58380
58383
58384
58395
58402
58415
58418
58419
58421
58423
58424
58432
58438
58457
58463
58464
58466
58467
58474
58480
58483
58486
58495
58500
58502
58503
58507
58509
58514
58527
58529
58535
58543
58544
58550
58551
58558
58560
58561
58570
58572
58575
58579
58586
58597
58609
58614
58622
58642
58646
58648
58651
58660
58670
58671
58674
58675
58689
58692
58720
58726
58733
58734
58743
58746
58750
58751
58754
58755
58756
58757
58775
58778
58788
58792
58818
58837
58839
58840
58845
58846
58848
58856
58857
58859
58877
58883
58884
58888
58889
58902
58906
58908
58910
58916
58919
58920
58922
58924
58928
58935
58938
58940
58941
58943
58949
58953
58954
58968
58970
58971
58976
58977
58980
58981
58985
58988
58990
58994
58997
59000
59033
59035
59038
59044
59055
59058
59068
59071
59088
59096
59097
59098
59103
59109
59119
59124
59129
59135
59140
59161
59168
59172
59173
59184
59194
59196
59200
59203
59222
59228
59242
59248
59252
59256
59271
59282
59291
59320
59322
59325
59333
59345
59347
59358
59373
59374
59378
59382
59391
59404
59408
59411
59419
59423
59426
59431
59434
59445
59462
59464
59465
59467
59468
59470
59480
59483
59494
59501
59506
59525
59535
59541
59550
59553
59558
59564
59593
59603
59607
59612
59639
59662
59667
59668
59673
59676
59709
59715
59718
59723
59734
59736
59743
59756
59793
59816
59818
59823
59832
59839
59840
59841
59844
59850
59861
59862
59881
59887
59890
59898
59900
59908
59910
59923
59928
59931
59941
59949
59954
59955
59958
59959
59967
59972
59975
59978
59984
59985
59988
59991
59992
59996
59997
60000
60005
60007
60010
60012
60016
60018
60021
60036
60043
60049
60082
60089
60090
60093
60101
60103
60104
60118
60122
60126
60127
60160
60165
60175
60185
60194
60195
60196
60201
60242
60254
60262
60264
60270
60277
60284
60296
60297
60298
60299
60303
60307
60312
60329
60336
60337
60340
60341
60342
60347
60361
60364
60378
60379
60390
60399
60402
60424
60429
60432
60441
60453
60470
60482
60484
60487
60490
60491
60494
60496
60506
60507
60514
60520
60524
60534
60561
60573
60576
60578
60584
60588
60590
60600
60619
60620
60622
60624
60627
60633
60640
60650
60651
60652
60654
60676
60682
60687
60699
60710
60711
60714
60719
60731
60735
60737
60751
60780
60798
60809
60818
60825
60826
60847
60857
60862
60864
60865
60871
60872
60876
60880
60884
60894
60895
60900
60909
60930
60939
60941
60953
60958
60961
60962
60965
60966
60970
60977
60978
60979
60980
60987
60988
60991
60999
61000
61005
61007
61010
61012
61021
61029
61032
61035
61038
61050
61061
61066
61076
61086
61088
61097
61100
61106
61114
61117
61132
61137
61138
61140
61151
61156
61158
61176
61183
61184
61195
61199
61202
61203
61212
61221
61224
61235
61239
61250
61253
61263
61272
61277
61283
61302
61312
61313
61327
61333
61340
61341
61349
61358
61359
61365
61368
61371
61377
61386
61387
61388
61390
61394
61410
61412
61417
61418
61420
61423
61431
61438
61447
61448
61455
61471
61487
61489
61491
61493
61494
61506
61515
61520
61522
61540
61546
61555
61557
61559
61562
61570
61573
61585
61593
61595
61597
61603
61605
61610
61612
61616
61620
61626
61637
61638
61640
61661
61663
61671
61675
61683
61694
61696
61706
61708
61715
61721
61722
61723
61724
61727
61732
61738
61755
61763
61766
61775
61784
61787
61799
61800
61802
61807
61809
61814
61818
61819
61840
61844
61846
61854
61863
61866
61876
61883
61884
61886
61904
61905
61909
61916
61920
61932
61939
61946
61947
61961
61995
62001
62007
62009
62010
62014
62015
62018
62032
62036
62037
62047
62053
62055
62056
62063
62070
62076
62079
62081
62084
62094
62096
62099
62101
62106
62114
62115
62122
62125
62131
62138
62152
62153
62160
62162
62163
62166
62178
62180
62190
62201
62202
62233
62236
62273
62277
62285
62287
62293
62297
62301
62302
62304
62307
62309
62329
62337
62338
62343
62352
62356
62360
62361
62364
62367
62388
62392
62401
62405
62409
62413
62419
62424
62432
62434
62436
62440
62445
62456
62458
62464
62470
62476
62481
62483
62485
62491
62499
62502
62503
62507
62509
62513
62527
62531
62534
62535
62542
62545
62552
62557
62562
62590
62593
62608
62612
62637
62645
62652
62659
62663
62664
62667
62673
62737
62760
62764
62766
62773
62786
62795
62804
62805
62806
62808
62810
62813
62818
62821
62825
62830
62832
62841
62846
62850
62853
62855
62858
62860
62872
62882
62890
62897
62901
62902
62915
62920
62923
62928
62929
62944
62950
62970
62971
62972
62976
62978
62985
62994
62995
63006
63017
63018
63036
63039
63048
63058
63063
63069
63074
63080
63082
63083
63085
63097
63104
63105
63115
63121
63123
63129
63133
63135
63150
63152
63167
63176
63181
63182
63200
63202
63211
63212
63214
63217
63219
63221
63222
63225
63230
63235
63251
63252
63257
63260
63264
63269
63273
63281
63285
63286
63287
63288
63296
63303
63309
63314
63320
63338
63340
63350
63397
63409
63424
63430
63434
63438
63439
63440
63450
63452
63454
63456
63458
63464
63467
63468
63471
63480
63483
63490
63495
63500
63501
63504
63511
63513
63516
63532
63538
63545
63548
63558
63559
63565
63570
63571
63579
63581
63582
63583
63586
63587
63589
63597
63601
63606
63617
63618
63619
63620
63627
63632
63638
63639
63642
63650
63660
63676
63681
63682
63685
63690
63692
63695
63697
63698
63705
63719
63724
63731
63741
63745
63747
63749
63762
63785
63786
63793
63798
63802
63805
63811
63823
63826
63846
63848
63849
63856
63878
63879
63891
63896
63902
63907
63908
63916
63917
63918
63919
63923
63924
63926
63929
63932
63936
63937
63938
63941
63957
63960
63963
63977
63980
63984
63997
64006
64016
64028
64030
64031
64038
64054
64061
64070
64089
64091
64096
64108
64113
64117
64122
64123
64131
64133
64134
64136
64140
64143
64144
64154
64156
64158
64160
64163
64174
64178
64179
64193
64195
64196
64202
64204
64206
64207
64211
64224
64225
64226
64235
64247
64248
64250
64264
64267
64268
64273
64274
64278
64281
64295
64300
64307
64310
64325
64334
64336
64337
64338
64345
64347
64352
64363
64374
64378
64382
64420
64433
64434
64441
64459
64460
64464
64465
64469
64470
64477
64485
64492
64504
64505
64511
64514
64515
64525
64528
64529
64535
64543
64571
64573
64580
64586
64589
64593
64604
64605
64607
64616
64618
64620
64629
64637
64638
64642
64648
64654
64658
64662
64663
64665
64679
64687
64688
64697
64708
64712
64719
64726
64727
64729
64736
64745
64752
64757
64758
64766
64775
64794
64796
64809
64816
64823
64825
64832
64833
64836
64860
64863
64875
64877
64878
64880
64896
64898
64913
64939
64943
64952
64959
64962
64966
64968
64977
64985
64991
65002
65006
65008
65022
65029
65037
65038
65048
65062
65066
65067
65069
65072
65088
65089
65091
65092
65096
65109
65116
65118
65120
65137
65141
65149
65151
65163
65169
65176
65177
65179
65181
65200
65209
65211
65217
65223
65227
65228
65240
65242
65253
65261
65275
65276
65279
65287
65288
65290
65292
65295
65306
65316
65325
65326
65328
65329
65333
65336
65337
65339
65346
65349
65363
65374
65375
65376
65387
65400
65408
65428
65432
65449
65473
65476
65477
65482
65483
65491
65492
65496
65501
65506
65511
65518
65527
65536
65540
65542
65548
65555
65575
65578
65579
65580
65583
65592
65596
65602
65609
65614
65618
65622
65624
65626
65627
65629
65633
65641
65655
65658
65665
65674
65679
65682
65684
65685
65686
65688
65690
65693
65701
65705
65707
65708
65711
65721
65725
65729
65740
65745
65761
65764
65766
65778
65801
65806
65809
65828
65829
65836
65844
65849
65852
65858
65866
65879
65885
65890
65893
65895
65897
65898
65900
65920
65923
65946
65948
65954
65955
65967
65973
65986
65999
66014
66015
66020
66023
66024
66031
66033
66052
66057
66066
66067
66069
66077
66079
66103
66113
66123
66126
66136
66137
66139
66150
66155
66167
66175
66182
66188
66197
66202
66203
66220
66228
66233
66238
66239
66244
66246
66247
66253
66254
66262
66269
66272
66288
66295
66297
66302
66306
66307
66324
66325
66328
66331
66333
66337
66341
66350
66353
66370
66375
66400
66406
66407
66411
66415
66427
66435
66439
66443
66448
66463
66476
66486
66497
66499
66506
66507
66525
66532
66540
66544
66559
66565
66566
66569
66572
66583
66593
66598
66603
66605
66608
66611
66614
66615
66633
66634
66644
66647
66650
66656
66660
66665
66666
66669
66672
66681
66684
66688
66695
66701
66705
66720
66728
66736
66742
66743
66745
66752
66756
66762
66775
66776
66789
66804
66811
66821
66835
66837
66859
66861
66866
66870
66899
66910
66911
66913
66922
66924
66929
66933
66944
66945
66959
66965
66976
66990
66991
67005
67013
67018
67033
67034
67037
67042
67044
67068
67071
67075
67077
67079
67087
67095
67102
67108
67114
67138
67145
67146
67148
67149
67150
67151
67154
67161
67162
67167
67172
67173
67184
67186
67190
67191
67196
67216
67217
67220
67230
67231
67238
67241
67245
67262
67265
67269
67288
67295
67299
67301
67302
67308
67309
67314
67322
67327
67339
67348
67376
67379
67382
67386
67387
67394
67398
67400
67403
67412
67415
67420
67421
67426
67433
67444
67446
67451
67483
67484
67488
67491
67497
67502
67504
67513
67516
67518
67527
67536
67540
67549
67558
67559
67575
67577
67592
67595
67596
67599
67600
67606
67621
67625
67638
67643
67645
67646
67649
67650
67653
67659
67660
67672
67685
67688
67691
67694
67710
67712
67717
67719
67730
67737
67738
67750
67755
67760
67772
67776
67783
67788
67793
67798
67805
67815
67823
67825
67830
67834
67850
67854
67860
67861
67864
67865
67867
67868
67869
67872
67874
67882
67883
67895
67897
67911
67912
67915
67922
67930
67940
67951
67954
67961
67965
67972
67977
67978
67980
67983
67995
68009
68015
68022
68028
68029
68032
68043
68078
68081
68103
68124
68126
68133
68135
68141
68142
68149
68160
68164
68177
68178
68182
68207
68217
68236
68240
68243
68247
68251
68255
68257
68258
68267
68279
68302
68305
68306
68310
68323
68324
68327
68331
68335
68344
68353
68354
68360
68363
68368
68369
68377
68380
68413
68418
68435
68438
68441
68443
68448
68449
68452
68455
68468
68471
68473
68474
68483
68489
68491
68493
68499
68500
68504
68511
68514
68515
68523
68526
68527
68528
68529
68547
68549
68557
68565
68580
68588
68592
68594
68596
68598
68603
68609
68610
68617
68618
68623
68651
68661
68664
68672
68677
68678
68683
68699
68704
68707
68721
68725
68728
68734
68749
68753
68757
68774
68781
68783
68784
68794
68808
68820
68821
68844
68858
68877
68878
68884
68888
68890
68898
68900
68907
68913
68914
68924
68928
68931
68932
68936
68939
68945
68960
68966
68967
68978
68980
68986
68989
68991
69019
69029
69041
69046
69060
69066
69068
69071
69075
69076
69078
69088
69095
69102
69117
69118
69119
69124
69135
69142
69149
69151
69154
69161
69163
69167
69171
69172
69187
69189
69190
69192
69200
69204
69206
69219
69222
69224
69225
69227
69229
69233
69234
69238
69245
69248
69250
69254
69263
69282
69295
69305
69310
69320
69326
69332
69337
69344
69345
69355
69356
69361
69367
69368
69374
69381
69386
69390
69395
69398
69416
69420
69421
69431
69435
69445
69455
69458
69470
69475
69476
69477
69482
69493
69498
69508
69513
69518
69519
69526
69529
69542
69546
69553
69558
69561
69569
69576
69588
69604
69605
69606
69608
69609
69615
69618
69628
69641
69645
69650
69656
69672
69675
69677
69678
69699
69712
69714
69738
69741
69745
69748
69750
69755
69764
69779
69793
69797
69799
69802
69807
69822
69826
69833
69835
69836
69842
69848
69858
69864
69872
69876
69882
69890
69901
69907
69909
69912
69920
69927
69935
69936
69937
69939
69950
69959
69961
69971
69976
69977
69993
69998
70004
70011
70015
70022
70025
70027
70030
70032
70049
70054
70067
70069
70071
70075
70081
70083
70091
70096
70099
70107
70115
70117
70136
70138
70143
70155
70158
70215
70220
70225
70235
70246
70248
70255
70272
70279
70280
70290
70296
70298
70300
70301
70306
70317
70319
70323
70334
70344
70352
70354
70359
70360
70367
70368
70369
70392
70406
70426
70430
70431
70449
70461
70475
70485
70492
70494
70503
70509
70511
70518
70526
70534
70536
70537
70549
70568
70571
70574
70577
70593
70594
70596
70603
70613
70617
70621
70626
70639
70651
70681
70686
70688
70709
70713
70721
70756
70757
70797
70798
70802
70805
70807
70808
70831
70835
70843
70855
70871
70885
70897
70899
70903
70910
70917
70923
70926
70933
70943
70947
70951
70956
70960
70961
70962
70967
70969
70979
70981
70983
70998
71002
71012
71015
71020
71033
71034
71039
71040
71046
71049
71050
71056
71058
71066
71072
71081
71084
71085
71092
71105
71109
71118
71123
71124
71126
71128
71132
71152
71161
71175
71185
71187
71195
71226
71229
71239
71253
71256
71258
71262
71265
71271
71286
71291
71295
71306
71312
71315
71330
71334
71337
71354
71355
71372
71374
71389
71404
71405
71411
71445
71447
71453
71466
71476
71477
71487
71490
71491
71498
71499
71501
71507
71517
71523
71524
71531
71543
71544
71550
71554
71563
71565
71572
71581
71583
71589
71593
71603
71607
71611
71612
71615
71616
71617
71621
71623
71626
71631
71636
71637
71644
71646
71648
71659
71663
71673
71674
71675
71685
71686
71692
71693
71694
71699
71720
71728
71730
71731
71732
71743
71744
71745
71760
71762
71768
71784
71793
71795
71797
71806
71809
71815
71821
71822
71825
71828
71831
71833
71862
71864
71869
71880
71891
71895
71896
71898
71903
71906
71913
71918
71929
71936
71944
71962
71964
71967
71976
71982
72005
72010
72011
72022
72025
72026
72028
72030
72031
72047
72054
72065
72072
72081
72087
72088
72091
72096
72104
72115
72120
72130
72154
72155
72171
72172
72174
72175
72184
72185
72191
72194
72200
72203
72207
72209
72213
72215
72221
72243
72255
72264
72276
72285
72298
72301
72311
72321
72324
72333
72339
72355
72356
72358
72375
72387
72393
72398
72403
72410
72418
72419
72429
72438
72442
72448
72459
72467
72472
72475
72481
72483
72485
72487
72491
72495
72500
72518
72520
72525
72529
72532
72553
72556
72566
72567
72578
72583
72586
72590
72605
72611
72615
72621
72629
72634
72641
72647
72651
72664
72682
72683
72689
72691
72692
72697
72699
72708
72716
72721
72724
72730
72732
72747
72749
72750
72758
72761
72771
72789
72795
72801
72822
72825
72827
72829
72834
72835
72837
72846
72851
72860
72873
72876
72878
72880
72911
72916
72920
72921
72931
72936
72938
72940
72946
72947
72961
72969
72971
72981
72986
72988
72992
72994
73007
73013
73019
73039
73046
73049
73051
73056
73084
73108
73114
73121
73123
73132
73141
73152
73166
73177
73180
73181
73189
73192
73200
73202
73210
73215
73219
73242
73244
73249
73255
73270
73272
73277
73278
73287
73297
73302
73307
73315
73322
73324
73387
73388
73393
73405
73407
73413
73427
73431
73435
73448
73450
73454
73461
73465
73467
73476
73478
73499
73502
73505
73520
73529
73539
73549
73551
73558
73561
73582
73585
73592
73594
73608
73615
73618
73637
73640
73641
73654
73655
73666
73670
73674
73681
73685
73686
73689
73698
73701
73709
73711
73717
73718
73727
73731
73747
73751
73758
73760
73762
73763
73785
73787
73794
73803
73804
73809
73811
73822
73823
73825
73827
73829
73835
73838
73847
73851
73857
73860
73861
73876
73886
73892
73897
73900
73907
73910
73911
73914
73925
73949
73952
73961
73978
73984
73985
73990
73998
74000
74018
74020
74021
74023
74030
74032
74039
74042
74046
74061
74071
74079
74085
74089
74106
74110
74111
74112
74114
74134
74135
74140
74148
74154
74160
74163
74164
74165
74187
74202
74213
74219
74229
74242
74251
74254
74272
74273
74274
74275
74284
74298
74301
74303
74309
74314
74315
74317
74321
74322
74326
74342
74351
74353
74367
74371
74373
74376
74387
74397
74398
74404
74408
74422
74426
74428
74434
74438
74441
74444
74446
74450
74465
74467
74470
74474
74475
74477
74478
74479
74490
74501
74505
74510
74520
74524
74525
74531
74532
74535
74550
74557
74560
74562
74565
74571
74574
74581
74584
74594
74599
74601
74605
74606
74613
74620
74622
74623
74624
74632
74633
74636
74637
74660
74672
74678
74679
74680
74701
74706
74710
74714
74716
74718
74719
74720
74740
74744
74758
74770
74771
74781
74784
74798
74807
74808
74817
74827
74831
74839
74856
74869
74871
74876
74880
74881
74884
74890
74902
74903
74906
74921
74922
74923
74937
74947
74952
74966
74972
74975
74978
74982
74983
74987
74991
74993
75001
75009
75021
75025
75027
75028
75037
75045
75050
75055
75058
75075
75076
75087
75089
75095
75100
75102
75106
75108
75112
75114
75122
75124
75142
75161
75164
75170
75176
75178
75181
75186
75192
75193
75213
75217
75218
75241
75261
75265
75268
75269
75288
75294
75300
75308
75309
75313
75321
75322
75327
75336
75339
75348
75355
75356
75358
75363
75369
75386
75389
75395
75398
75401
75402
75403
75414
75416
75418
75422
75424
75427
75430
75431
75434
75437
75456
75457
75460
75476
75491
75498
75501
75502
75503
75507
75513
75518
75532
75533
75537
75546
75547
75557
75577
75579
75583
75591
75600
75609
75615
75626
75658
75659
75664
75672
75678
75680
75682
75684
75691
75695
75698
75703
75707
75710
75723
75729
75730
75739
75740
75750
75751
75752
75753
75766
75770
75776
75778
75779
75787
75802
75804
75809
75812
75817
75820
75821
75823
75825
75826
75831
75840
75857
75859
75861
75867
75878
75884
75896
75897
75905
75906
75909
75915
75916
75929
75934
75937
75938
75949
75954
75955
75960
75965
75970
75971
75974
75983
75991
75995
75996
76002
76004
76009
76018
76026
76044
76046
76054
76065
76068
76078
76095
76097
76099
76102
76107
76118
76121
76127
76130
76133
76134
76145
76146
76173
76174
76176
76178
76194
76202
76207
76209
76212
76216
76222
76226
76227
76236
76238
76245
76249
76250
76255
76258
76259
76260
76261
76262
76271
76279
76281
76284
76293
76310
76313
76315
76322
76327
76329
76334
76342
76347
76360
76363
76366
76375
76399
76404
76405
76414
76415
76432
76436
76441
76442
76461
76469
76472
76478
76513
76516
76526
76541
76551
76565
76571
76573
76587
76591
76593
76598
76603
76613
76619
76626
76628
76638
76661
76674
76675
76689
76696
76700
76701
76708
76729
76730
76732
76743
76757
76767
76768
76772
76784
76789
76801
76802
76803
76804
76807
76815
76826
76829
76844
76852
76853
76862
76865
76868
76874
76878
76882
76888
76899
76913
76917
76920
76931
76932
76939
76940
76941
76954
76956
76957
76960
76961
76976
76978
76980
76983
76991
76993
76999
77004
77005
77009
77012
77014
77027
77048
77071
77072
77079
77081
77090
77095
77098
77107
77115
77119
77124
77146
77147
77148
77152
77156
77167
77169
77175
77177
77180
77186
77189
77195
77205
77216
77224
77235
77237
77239
77259
77265
77308
77313
77317
77341
77344
77356
77360
77362
77367
77372
77380
77381
77387
77388
77395
77403
77407
77418
77424
77429
77440
77442
77455
77467
77486
77501
77511
77515
77516
77539
77544
77545
77547
77557
77559
77560
77568
77569
77571
77573
77582
77602
77605
77635
77647
77649
77650
77651
77652
77653
77658
77669
77676
77679
77681
77686
77689
77696
77707
77716
77718
77733
77752
77757
77758
77770
77780
77795
77799
77800
77805
77809
77811
77821
77834
77835
77844
77846
77874
77875
77877
77888
77894
77896
77912
77913
77917
77926
77929
77938
77962
77970
77975
77993
78004
78007
78011
78022
78032
78048
78058
78062
78066
78074
78080
78101
78107
78110
78112
78114
78120
78128
78130
78132
78133
78153
78154
78203
78217
78218
78219
78221
78224
78233
78244
78253
78261
78268
78275
78291
78300
78319
78320
78349
78350
78355
78359
78370
78381
78393
78397
78403
78407
78425
78437
78443
78448
78451
78452
78466
78475
78480
78487
78488
78508
78513
78518
78527
78528
78541
78551
78554
78557
78561
78572
78574
78586
78598
78613
78620
78621
78625
78627
78629
78634
78639
78642
78644
78653
78661
78663
78669
78678
78688
78697
78700
78703
78708
78721
78732
78734
78748
78759
78773
78775
78781
78782
78786
78820
78840
78842
78843
78855
78863
78866
78873
78874
78876
78878
78881
78888
78892
78893
78897
78903
78912
78942
78963
78965
78966
78975
78978
79002
79009
79014
79017
79021
79024
79026
79028
79029
79030
79032
79039
79058
79062
79067
79069
79087
79088
79092
79100
79104
79109
79119
79137
79142
79144
79153
79158
79160
79164
79166
79177
79193
79223
79225
79231
79234
79237
79246
79254
79261
79262
79268
79269
79275
79279
79280
79283
79288
79292
79295
79297
79301
79307
79314
79320
79324
79336
79340
79344
79361
79371
79378
79391
79396
79397
79418
79420
79426
79427
79435
79437
79438
79439
79451
79455
79456
79460
79466
79470
79472
79476
79478
79485
79504
79508
79511
79514
79517
79521
79529
79532
79533
79539
79545
79569
79584
79586
79588
79589
79594
79595
79616
79619
79628
79631
79637
79639
79640
79641
79654
79675
79676
79678
79683
79690
79691
79694
79696
79705
79720
79721
79729
79732
79737
79741
79745
79746
79748
79750
79752
79761
79763
79773
79775
79777
79779
79784
79788
79793
79805
79813
79817
79826
79833
79838
79840
79845
79846
79856
79874
79883
79884
79885
79897
79899
79912
79921
79927
79934
79936
79940
79957
79963
79970
79979
79980
79989
79990
79998
80000
80016
80025
80027
80030
80043
80063
80067
80068
80075
80076
80079
80087
80094
80097
80099
80104
80110
80117
80124
80137
80143
80144
80146
80150
80151
80155
80165
80171
80179
80185
80186
80190
80193
80199
80206
80207
80214
80215
80224
80225
80230
80231
80237
80238
80254
80256
80257
80260
80263
80286
80288
80293
80295
80303
80310
80313
80315
80318
80322
80332
80340
80342
80343
80347
80348
80357
80361
80363
80364
80377
80391
80392
80397
80401
80404
80409
80414
80433
80435
80436
80437
80453
80454
80467
80468
80474
80486
80489
80493
80505
80508
80514
80527
80528
80538
80539
80540
80545
80562
80568
80569
80576
80578
80589
80590
80591
80611
80615
80618
80619
80626
80627
80631
80648
80650
80651
80654
80670
80676
80691
80708
80712
80718
80739
80745
80751
80760
80761
80775
80776
80778
80782
80783
80785
80786
80802
80807
80809
80819
80820
80839
80846
80852
80853
80865
80867
80876
80877
80878
80886
80915
80920
80924
80925
80929
80937
80939
80942
80945
80948
80955
80965
80974
80975
80977
80990
81000
81022
81029
81033
81039
81045
81049
81052
81070
81076
81082
81086
81101
81115
81119
81122
81127
81134
81153
81156
81168
81180
81186
81190
81193
81200
81204
81207
81223
81225
81227
81243
81246
81268
81270
81271
81275
81279
81286
81301
81321
81322
81343
81351
81359
81362
81363
81376
81400
81407
81408
81411
81430
81433
81434
81441
81443
81446
81462
81463
81466
81471
81473
81474
81482
81486
81487
81490
81509
81510
81512
81515
81530
81537
81540
81548
81549
81559
81562
81566
81575
81576
81580
81581
81589
81591
81603
81612
81617
81624
81631
81633
81638
81657
81670
81673
81682
81687
81688
81699
81711
81720
81730
81734
81743
81756
81761
81774
81783
81786
81797
81803
81807
81811
81812
81816
81818
81838
81839
81848
81859
81861
81862
81865
81876
81887
81888
81908
81910
81918
81923
81934
81938
81940
81942
81946
81949
81960
81961
81968
81977
81985
81995
81997
81998
82002
82004
82011
82014
82022
82031
82035
82040
82042
82051
82060
82064
82076
82077
82080
82093
82100
82101
82104
82118
82119
82124
82137
82139
82146
82149
82154
82155
82159
82170
82177
82185
82221
82222
82224
82230
82232
82234
82241
82254
82262
82263
82266
82270
82275
82294
82295
82296
82299
82306
82308
82315
82319
82321
82323
82327
82345
82347
82350
82359
82368
82369
82372
82373
82378
82380
82385
82386
82401
82408
82416
82418
82420
82422
82449
82452
82454
82460
82462
82467
82469
82471
82476
82502
82503
82523
82532
82542
82544
82546
82548
82551
82554
82567
82568
82579
82580
82589
82596
82599
82600
82601
82604
82606
82636
82644
82652
82659
82664
82668
82678
82679
82684
82695
82697
82705
82711
82715
82716
82753
82762
82771
82772
82774
82784
82809
82823
82842
82852
82863
82864
82867
82868
82869
82870
82873
82877
82878
82885
82886
82889
82904
82906
82909
82911
82913
82915
82917
82925
82928
82929
82932
82935
82937
82941
82951
82954
82969
82973
82982
82987
82992
82994
83009
83034
83040
83050
83051
83057
83063
83066
83067
83069
83070
83071
83072
83075
83076
83077
83082
83094
83099
83103
83107
83122
83135
83140
83141
83143
83145
83149
83156
83165
83171
83172
83174
83185
83192
83195
83202
83203
83209
83229
83237
83244
83248
83249
83250
83256
83259
83261
83270
83274
83280
83292
83295
83302
83304
83339
83344
83351
83362
83364
83380
83384
83388
83389
83393
83399
83400
83401
83409
83415
83423
83430
83431
83434
83435
83438
83440
83444
83449
83453
83458
83490
83494
83501
83504
83506
83529
83530
83533
83553
83558
83559
83566
83568
83571
83572
83574
83575
83590
83599
83603
83612
83627
83628
83637
83644
83645
83670
83683
83687
83701
83706
83721
83723
83724
83741
83743
83745
83746
83751
83752
83756
83757
83758
83765
83766
83767
83772
83774
83782
83783
83790
83792
83793
83811
83818
83838
83839
83840
83841
83852
83865
83867
83871
83872
83890
83891
83895
83899
83908
83926
83927
83929
83936
83938
83968
83972
83973
83989
83997
83998
84006
84026
84028
84029
84030
84038
84045
84053
84058
84066
84070
84072
84074
84084
84092
84096
84101
84107
84108
84118
84122
84127
84130
84133
84140
84144
84145
84146
84148
84152
84154
84159
84165
84171
84172
84190
84202
84203
84216
84222
84237
84240
84244
84250
84255
84256
84258
84259
84261
84276
84280
84281
84282
84286
84288
84293
84303
84305
84311
84313
84315
84317
84325
84327
84330
84332
84344
84345
84360
84367
84381
84387
84399
84409
84413
84415
84437
84460
84468
84470
84478
84483
84490
84500
84504
84517
84518
84520
84524
84528
84535
84551
84560
84562
84567
84568
84575
84577
84578
84589
84593
84601
84608
84615
84616
84624
84629
84636
84638
84642
84644
84646
84651
84652
84661
84679
84687
84689
84704
84709
84718
84731
84750
84758
84781
84785
84802
84805
84817
84828
84837
84844
84852
84860
84868
84870
84879
84886
84888
84897
84899
84906
84920
84922
84932
84938
84939
84941
84946
84949
84966
84967
84970
84977
84980
84991
85000
85015
85020
85055
85062
85065
85067
85074
85077
85091
85098
85099
85109
85116
85119
85141
85151
85163
85168
85173
85176
85182
85187
85198
85203
85216
85219
85222
85228
85229
85231
85232
85241
85244
85250
85251
85258
85260
85270
85272
85291
85315
85322
85327
85328
85338
85340
85345
85353
85369
85371
85381
85387
85392
85403
85405
85412
85416
85423
85428
85433
85435
85446
85463
85465
85477
85488
85489
85494
85502
85509
85515
85516
85523
85525
85529
85548
85550
85558
85561
85565
85568
85579
85585
85587
85593
85606
85615
85632
85636
85643
85655
85656
85659
85666
85667
85668
85671
85678
85681
85693
85700
85702
85705
85709
85730
85737
85764
85767
85775
85777
85784
85789
85798
85801
85803
85807
85809
85826
85835
85848
85850
85858
85862
85867
85882
85895
85900
85903
85906
85910
85930
85934
85935
85940
85941
85956
85961
85963
85969
85979
85986
85994
86008
86019
86038
86063
86074
86093
86117
86120
86136
86137
86155
86156
86157
86183
86194
86205
86214
86215
86224
86228
86232
86244
86251
86266
86278
86279
86283
86289
86295
86300
86323
86325
86334
86338
86344
86345
86348
86349
86353
86358
86360
86369
86374
86383
86399
86408
86410
86429
86433
86437
86443
86444
86451
86453
86467
86480
86484
86498
86510
86528
86534
86535
86537
86540
86544
86557
86561
86565
86578
86588
86597
86599
86601
86611
86616
86621
86623
86625
86635
86637
86638
86648
86665
86668
86675
86680
86683
86690
86693
86696
86704
86711
86730
86734
86737
86757
86765
86766
86770
86774
86787
86796
86801
86802
86814
86817
86823
86825
86831
86835
86842
86847
86851
86859
86864
86866
86867
86868
86870
86897
86906
86909
86922
86925
86928
86944
86966
86973
86979
86983
86985
86994
87010
87015
87016
87023
87026
87032
87037
87041
87053
87058
87065
87066
87067
87069
87074
87075
87077
87081
87087
87090
87097
87100
87106
87110
87117
87120
87123
87132
87135
87162
87164
87166
87167
87179
87196
87203
87205
87215
87216
87225
87226
87234
87237
87238
87247
87256
87262
87265
87267
87271
87283
87290
87296
87305
87307
87308
87310
87317
87334
87345
87346
87347
87351
87357
87359
87367
87370
87374
87391
87419
87425
87428
87440
87443
87457
87458
87467
87472
87476
87477
87510
87512
87514
87517
87527
87542
87544
87547
87550
87559
87561
87564
87568
87569
87570
87577
87587
87590
87592
87608
87610
87612
87613
87615
87624
87627
87638
87641
87649
87658
87660
87661
87668
87672
87674
87680
87684
87685
87687
87696
87705
87716
87717
87727
87729
87731
87736
87742
87744
87747
87757
87763
87768
87770
87782
87784
87798
87799
87814
87815
87818
87822
87823
87837
87840
87843
87852
87855
87861
87862
87863
87864
87866
87878
87894
87898
87900
87905
87911
87923
87926
87929
87932
87934
87949
87971
87987
87997
88006
88014
88017
88024
88032
88040
88054
88055
88061
88070
88081
88085
88089
88094
88102
88110
88126
88128
88144
88149
88158
88176
88194
88195
88210
88215
88216
88227
88229
88236
88238
88257
88292
88293
88303
88307
88308
88309
88319
88326
88331
88336
88339
88344
88345
88352
88363
88370
88374
88377
88382
88384
88385
88386
88393
88395
88415
88421
88424
88425
88428
88442
88444
88447
88448
88449
88465
88469
88471
88476
88477
88504
88509
88515
88516
88530
88548
88556
88561
88567
88571
88576
88578
88583
88585
88591
88598
88603
88609
88617
88629
88634
88647
88648
88661
88666
88675
88676
88684
88686
88691
88695
88696
88697
88698
88702
88714
88715
88723
88734
88737
88742
88745
88750
88758
88761
88762
88764
88768
88773
88777
88779
88783
88788
88796
88813
88814
88818
88837
88839
88840
88841
88843
88853
88878
88880
88886
88890
88896
88900
88909
88910
88919
88922
88925
88931
88938
88949
88952
88977
88979
88987
88992
89000
89002
89006
89007
89012
89016
89045
89047
89058
89060
89061
89072
89074
89084
89086
89088
89094
89097
89110
89117
89121
89123
89132
89135
89145
89163
89173
89182
89185
89196
89202
89208
89212
89225
89228
89232
89236
89237
89246
89257
89260
89264
89273
89274
89276
89278
89286
89297
89303
89311
89319
89320
89346
89354
89360
89371
89376
89377
89378
89390
89392
89399
89405
89412
89421
89425
89429
89434
89441
89444
89452
89456
89457
89462
89470
89476
89484
89485
89487
89491
89493
89495
89501
89503
89506
89512
89514
89516
89519
89521
89530
89533
89546
89550
89558
89562
89574
89578
89579
89589
89591
89598
89599
89601
89605
89609
89620
89630
89632
89639
89642
89648
89658
89662
89664
89671
89676
89677
89685
89706
89712
89714
89715
89723
89724
89727
89730
89733
89734
89739
89743
89745
89750
89751
89762
89781
89782
89803
89804
89813
89827
89829
89837
89839
89843
89845
89849
89853
89856
89867
89868
89877
89882
89885
89886
89887
89890
89895
89907
89915
89916
89917
89920
89924
89925
89928
89944
89957
89958
89959
89962
89968
89987
89993
90002
90005
90007
90011
90012
90015
90016
90023
90027
90028
90029
90032
90042
90046
90048
90060
90061
90068
90074
90093
90096
90105
90132
90143
90146
90149
90153
90159
90160
90169
90173
90174
90179
90189
90193
90196
90202
90203
90210
90211
90220
90225
90233
90237
90241
90249
90285
90286
90289
90295
90296
90311
90317
90320
90323
90343
90344
90346
90348
90350
90354
90361
90364
90379
90384
90385
90394
90400
90402
90405
90424
90426
90428
90429
90438
90448
90449
90455
90456
90463
90466
90467
90468
90472
90491
90497
90501
90504
90506
90508
90512
90514
90515
90521
90529
90531
90535
90538
90556
90575
90580
90584
90590
90593
90599
90604
90606
90611
90630
90639
90643
90650
90658
90659
90662
90665
90670
90676
90678
90701
90710
90711
90722
90734
90739
90760
90761
90766
90775
90786
90789
90797
90804
90806
90815
90838
90845
90854
90863
90870
90871
90877
90879
90880
90886
90890
90895
90896
90897
90901
90902
90907
90910
90914
90918
90925
90931
90933
90935
90937
90939
90947
90965
90968
90983
90986
91001
91003
91008
91014
91027
91029
91040
91044
91045
91048
91049
91053
91054
91055
91060
91062
91065
91077
91084
91088
91100
91102
91103
91113
91140
91145
91153
91161
91162
91177
91189
91197
91208
91209
91213
91219
91220
91228
91231
91235
91250
91259
91275
91283
91288
91289
91309
91313
91322
91324
91327
91338
91347
91350
91364
91366
91390
91397
91398
91405
91407
91412
91419
91420
91421
91425
91436
91446
91456
91469
91472
91475
91476
91477
91482
91527
91530
91536
91554
91560
91568
91570
91571
91575
91576
91577
91579
91587
91597
91601
91604
91620
91629
91634
91635
91646
91650
91652
91656
91659
91664
91666
91679
91694
91700
91710
91712
91729
91730
91735
91750
91754
91778
91783
91792
91795
91800
91803
91807
91812
91814
91816
91824
91828
91842
91845
91847
91854
91856
91859
91866
91867
91874
91875
91883
91884
91885
91886
91890
91892
91902
91903
91926
91933
91945
91949
91951
91955
91957
91958
91961
91965
91970
91987
91995
92002
92005
92035
92045
92048
92050
92059
92070
92082
92084
92085
92086
92094
92110
92126
92135
92136
92142
92148
92150
92153
92154
92157
92163
92166
92180
92204
92207
92210
92223
92231
92233
92243
92250
92253
92255
92280
92282
92298
92302
92308
92324
92340
92344
92345
92367
92371
92379
92382
92386
92392
92400
92406
92410
92433
92446
92447
92450
92464
92471
92472
92474
92485
92488
92499
92504
92506
92507
92509
92514
92522
92525
92527
92529
92531
92543
92551
92553
92561
92569
92571
92574
92578
92589
92611
92612
92615
92619
92625
92630
92636
92639
92641
92648
92662
92689
92692
92694
92704
92708
92711
92716
92718
92721
92726
92727
92731
92734
92745
92746
92747
92749
92753
92772
92781
92786
92796
92800
92801
92806
92829
92838
92839
92842
92845
92851
92854
92861
92862
92868
92875
92894
92900
92901
92910
92914
92917
92922
92929
92936
92945
92953
92970
92980
92982
92989
92990
92995
92997
93003
93005
93018
93025
93036
93038
93039
93042
93043
93070
93085
93086
93090
93097
93099
93101
93109
93110
93123
93125
93130
93137
93140
93141
93143
93146
93160
93163
93165
93171
93176
93187
93195
93197
93200
93201
93207
93213
93214
93215
93219
93222
93224
93235
93247
93252
93255
93262
93265
93279
93283
93296
93310
93312
93316
93321
93335
93342
93350
93355
93371
93374
93377
93379
93380
93412
93418
93427
93443
93447
93448
93451
93453
93476
93477
93495
93503
93508
93522
93523
93527
93529
93540
93553
93564
93565
93573
93581
93585
93587
93589
93592
93595
93597
93598
93603
93606
93623
93626
93638
93645
93657
93668
93673
93676
93678
93686
93687
93697
93702
93703
93707
93708
93713
93735
93739
93759
93769
93771
93776
93778
93782
93783
93794
93796
93799
93814
93817
93820
93834
93836
93838
93840
93847
93855
93856
93861
93876
93878
93879
93881
93885
93893
93894
93904
93925
93939
93949
93950
93952
93953
93955
93957
93961
93966
93969
93970
93975
93978
93985
93992
94003
94009
94011
94013
94023
94026
94036
94050
94086
94088
94099
94103
94117
94120
94130
94144
94153
94163
94177
94187
94191
94194
94217
94219
94227
94231
94243
94246
94250
94268
94287
94306
94309
94310
94313
94315
94318
94331
94342
94363
94367
94368
94375
94381
94388
94403
94407
94408
94411
94427
94428
94441
94446
94449
94458
94467
94472
94475
94479
94498
94504
94512
94516
94520
94526
94527
94533
94551
94565
94573
94577
94583
94589
94591
94592
94613
94615
94618
94636
94637
94640
94642
94649
94652
94660
94663
94667
94668
94678
94687
94689
94703
94722
94727
94731
94737
94738
94746
94749
94753
94763
94767
94781
94786
94793
94795
94799
94800
94806
94821
94822
94824
94830
94831
94844
94846
94848
94852
94854
94860
94868
94874
94876
94894
94911
94915
94926
94930
94932
94938
94942
94963
94965
94967
94968
94972
94987
94998
95003
95006
95014
95027
95038
95039
95041
95052
95055
95065
95066
95079
95096
95118
95123
95124
95132
95133
95136
95137
95140
95141
95144
95151
95152
95155
95156
95158
95169
95171
95175
95176
95177
95182
95185
95186
95196
95201
95202
95204
95234
95235
95246
95248
95249
95254
95260
95271
95273
95274
95277
95282
95284
95285
95286
95287
95291
95298
95304
95313
95315
95320
95327
95330
95336
95343
95353
95357
95365
95369
95374
95381
95393
95401
95411
95421
95422
95431
95441
95442
95458
95462
95465
95469
95472
95475
95491
95515
95518
95532
95539
95549
95553
95583
95586
95587
95593
95603
95604
95610
95620
95645
95652
95654
95656
95666
95667
95671
95672
95687
95694
95710
95711
95714
95718
95719
95741
95745
95751
95756
95778
95779
95783
95787
95801
95805
95806
95810
95813
95817
95822
95825
95826
95844
95850
95856
95857
95863
95868
95869
95871
95883
95885
95892
95896
95898
95899
95924
95925
95926
95933
95937
95939
95945
95952
95971
95973
95979
95989
95991
95997
95998
96005
96007
96033
96035
96039
96043
96047
96055
96062
96069
96071
96072
96075
96077
96082
96096
96099
96101
96103
96122
96125
96131
96147
96164
96167
96176
96180
96189
96190
96201
96219
96230
96231
96239
96245
96249
96253
96257
96258
96260
96296
96297
96313
96321
96322
96324
96325
96343
96348
96351
96358
96369
96374
96384
96397
96400
96401
96405
96412
96413
96414
96425
96435
96444
96445
96450
96470
96480
96484
96487
96495
96502
96504
96511
96515
96522
96523
96526
96530
96532
96555
96558
96560
96572
96574
96582
96585
96592
96600
96610
96613
96617
96620
96630
96631
96632
96647
96658
96661
96671
96675
96677
96681
96684
96685
96709
96710
96714
96719
96722
96723
96730
96737
96745
96747
96751
96758
96762
96770
96775
96780
96783
96790
96791
96795
96803
96816
96822
96829
96841
96855
96856
96859
96864
96866
96882
96900
96909
96919
96940
96942
96954
96963
96964
96973
96975
96979
96982
96988
96990
97001
97002
97010
97012
97014
97019
97020
97039
97040
97049
97052
97053
97056
97059
97061
97070
97075
97077
97082
97095
97101
97103
97104
97111
97121
97123
97130
97135
97136
97139
97147
97149
97152
97157
97159
97161
97162
97166
97175
97178
97222
97233
97235
97241
97246
97250
97259
97264
97278
97289
97290
97292
97301
97315
97316
97321
97356
97367
97380
97381
97382
97394
97396
97409
97421
97422
97447
97462
97470
97471
97472
97473
97491
97496
97503
97518
97521
97526
97527
97528
97533
97535
97539
97543
97545
97560
97571
97578
97580
97581
97584
97600
97613
97615
97630
97632
97635
97657
97671
97680
97685
97686
97690
97692
97693
97709
97713
97719
97723
97734
97736
97738
97747
97754
97755
97767
97774
97788
97795
97801
97811
97826
97831
97836
97847
97851
97862
97864
97865
97870
97889
97903
97908
97909
97912
97925
97928
97933
97944
97947
97953
97959
97964
97965
97966
97975
97985
97999
98000
98003
98015
98030
98039
98058
98064
98072
98088
98093
98120
98122
98123
98125
98126
98133
98153
98154
98165
98190
98202
98212
98229
98231
98252
98254
98260
98263
98264
98267
98278
98279
98280
98281
98299
98308
98312
98317
98327
98328
98336
98340
98358
98362
98372
98375
98380
98387
98423
98426
98432
98433
98436
98441
98452
98457
98467
98470
98471
98472
98481
98483
98486
98489
98490
98492
98493
98501
98506
98515
98520
98522
98535
98553
98558
98565
98569
98592
98599
98601
98608
98609
98628
98629
98632
98636
98637
98659
98661
98677
98695
98702
98706
98715
98717
98735
98742
98751
98754
98755
98758
98762
98784
98806
98822
98826
98837
98848
98861
98862
98865
98869
98876
98880
98905
98913
98917
98926
98941
98947
98959
98962
98965
98971
98981
98993
98994
99011
99012
99015
99030
99038
99046
99053
99055
99057
99070
99084
99087
99092
99102
99104
99112
99113
99118
99122
99124
99126
99129
99130
99144
99148
99156
99161
99162
99174
99181
99182
99193
99194
99201
99202
99217
99222
99224
99234
99252
99253
99259
99264
99265
99269
99271
99273
99276
99283
99285
99286
99293
99296
99303
99318
99325
99328
99337
99338
99340
99347
99349
99358
99364
99367
99369
99375
99385
99391
99401
99407
99420
99426
99448
99451
99452
99453
99460
99462
99463
99464
99467
99487
99492
99494
99498
99508
99513
99517
99521
99533
99544
99545
99547
99550
99560
99566
99572
99590
99612
99615
99617
99619
99641
99645
99647
99654
99656
99664
99666
99671
99674
99677
99683
99685
99712
99718
99724
99753
99756
99786
99792
99816
99817
99832
99841
99854
99878
99879
99890
99900
99919
99924
99927
99929
99933
99941
99950
99957
99963
99975
99989
99992
99994
