1
5
17
27
47
67
69
83
86
87
92
101
120
122
137
146
150
156
158
172
184
185
205
210
236
240
241
249
253
266
276
287
328
334
337
346
348
349
350
358
359
362
370
372
406
427
429
447
452
470
474
478
481
500
516
517
519
528
539
540
542
549
553
561
564
597
605
611
623
626
630
666
681
686
688
693
701
703
709
713
721
728
740
751
763
766
770
779
793
794
802
807
818
819
846
867
871
873
899
906
913
915
921
925
938
942
945
955
956
965
979
983
987
989
1002
1005
1029
1032
1039
1047
1077
1078
1079
1081
1095
1098
1118
1128
1136
1202
1217
1218
1230
1237
1243
1266
1268
1275
1293
1299
1300
1309
1312
1318
1323
1343
1351
1354
1358
1373
1379
1381
1394
1396
1401
1407
1417
1418
1420
1426
1427
1431
1436
1445
1451
1453
1458
1459
1476
1478
1487
1491
1522
1545
1546
1550
1551
1564
1578
1589
1594
1602
1607
1621
1625
1628
1645
1662
1663
1664
1688
1744
1771
1782
1802
1808
1809
1811
1836
1842
1844
1846
1860
1892
1912
1916
1917
1926
1928
1937
1946
1966
1975
1986
2000
2005
2017
2018
2022
2057
2067
2074
2084
2094
2096
2120
2140
2152
2180
2195
2217
2219
2220
2225
2235
2236
2241
2242
2248
2263
2266
2286
2289
2291
2295
2297
2310
2315
2324
2325
2328
2334
2351
2354
2363
2366
2380
2417
2449
2475
2494
2498
2500
2505
2538
2558
2583
2584
2600
2628
2630
2638
2648
2649
2654
2660
2671
2672
2674
2675
2680
2684
2701
2710
2718
2736
2739
2741
2764
2773
2776
2785
2812
2831
2854
2860
2872
2875
2879
2883
2892
2897
2903
2911
2918
2952
2956
2963
2969
2972
2974
2985
2988
2990
2995
2996
2998
3000
3011
3029
3031
3032
3037
3049
3051
3056
3067
3069
3070
3086
3095
3118
3133
3136
3137
3141
3155
3156
3162
3170
3188
3204
3225
3227
3241
3245
3282
3288
3289
3301
3304
3306
3307
3314
3344
3353
3380
3382
3383
3387
3389
3403
3416
3417
3418
3430
3445
3459
3465
3468
3474
3481
3483
3495
3506
3513
3521
3528
3533
3538
3557
3573
3577
3591
3597
3623
3639
3642
3644
3645
3652
3655
3657
3659
3661
3667
3668
3675
3693
3699
3704
3720
3721
3722
3725
3726
3735
3753
3758
3762
3765
3769
3780
3812
3822
3826
3830
3831
3832
3835
3839
3845
3848
3856
3882
3889
3898
3900
3911
3912
3923
3933
3944
3946
3950
3956
3957
3965
3977
3995
4035
4036
4044
4045
4047
4048
4057
4058
4062
4076
4089
4091
4093
4099
4106
4119
4120
4134
4136
4143
4145
4146
4161
4181
4183
4216
4227
4231
4242
4243
4251
4268
4280
4282
4283
4284
4298
4301
4313
4329
4331
4332
4342
4347
4359
4361
4380
4390
4398
4400
4408
4417
4421
4426
4427
4436
4441
4449
4478
4480
4489
4491
4512
4516
4524
4527
4535
4550
4562
4569
4580
4584
4589
4600
4610
4614
4618
4624
4629
4643
4656
4657
4663
4680
4698
4699
4700
4719
4727
4759
4767
4788
4791
4805
4816
4817
4818
4862
4865
4885
4894
4896
4898
4901
4907
4931
4946
4947
4955
4962
4964
4968
4973
4985
4988
5011
5023
5035
5046
5047
5053
5081
5088
5090
5092
5099
5103
5117
5148
5149
5151
5154
5155
5172
5180
5189
5209
5213
5238
5249
5255
5265
5270
5292
5300
5301
5306
5329
5331
5341
5349
5351
5373
5376
5377
5383
5384
5388
5398
5399
5416
5423
5432
5434
5449
5458
5468
5478
5482
5485
5495
5505
5511
5512
5514
5519
5520
5536
5537
5539
5551
5572
5586
5587
5599
5621
5628
5633
5649
5650
5657
5662
5665
5669
5674
5690
5695
5702
5704
5706
5720
5735
5739
5747
5760
5766
5783
5786
5787
5793
5798
5804
5810
5820
5821
5837
5853
5857
5859
5865
5875
5889
5922
5935
5940
5956
5958
5962
5969
5988
6002
6038
6047
6059
6073
6083
6088
6091
6109
6122
6142
6157
6171
6172
6178
6190
6194
6203
6204
6206
6208
6217
6224
6225
6227
6231
6251
6255
6280
6284
6286
6303
6306
6322
6349
6350
6351
6372
6383
6384
6389
6397
6410
6411
6433
6446
6450
6451
6454
6455
6464
6465
6468
6474
6481
6482
6486
6487
6500
6507
6512
6519
6521
6534
6538
6541
6548
6557
6569
6575
6592
6604
6605
6636
6640
6641
6646
6652
6656
6663
6666
6668
6699
6705
6706
6711
6722
6728
6731
6734
6747
6758
6767
6788
6803
6807
6817
6828
6833
6840
6851
6853
6863
6877
6879
6889
6897
6902
6904
6911
6912
6936
6958
6968
6971
6972
6982
6992
6994
6995
7002
7012
7018
7025
7037
7041
7042
7056
7059
7063
7066
7084
7087
7088
7090
7095
7098
7102
7118
7128
7135
7136
7137
7148
7149
7156
7170
7188
7192
7194
7197
7241
7243
7246
7257
7265
7270
7274
7276
7324
7330
7344
7350
7352
7366
7391
7394
7409
7417
7420
7423
7428
7437
7465
7469
7470
7480
7489
7496
7520
7523
7525
7528
7529
7535
7537
7538
7544
7547
7562
7565
7570
7576
7585
7603
7615
7620
7624
7633
7637
7642
7657
7675
7684
7696
7698
7700
7702
7707
7726
7732
7733
7734
7737
7748
7749
7763
7777
7778
7789
7794
7798
7804
7830
7838
7850
7854
7858
7868
7888
7900
7903
7921
7922
7941
7958
7960
7965
7975
7976
7984
7986
7998
8005
8014
8024
8040
8068
8104
8115
8137
8160
8178
8180
8198
8210
8215
8222
8228
8239
8250
8257
8264
8265
8275
8282
8306
8313
8320
8339
8342
8349
8353
8367
8373
8402
8408
8409
8414
8416
8420
8423
8425
8427
8438
8441
8454
8457
8459
8476
8480
8494
8497
8507
8522
8529
8554
8558
8566
8571
8572
8604
8613
8623
8639
8652
8658
8687
8690
8696
8711
8733
8754
8762
8767
8786
8789
8790
8793
8797
8818
8831
8835
8842
8846
8859
8860
8863
8875
8882
8886
8888
8906
8913
8917
8918
8943
8946
8947
8956
8960
8964
8967
8968
8978
8985
8986
8988
8996
9008
9010
9012
9017
9020
9033
9049
9053
9065
9115
9136
9139
9146
9151
9160
9168
9174
9185
9219
9221
9228
9239
9245
9261
9280
9281
9282
9293
9306
9310
9315
9326
9361
9374
9381
9390
9394
9396
9405
9416
9419
9423
9436
9456
9466
9468
9478
9479
9481
9490
9496
9504
9516
9520
9524
9543
9544
9547
9562
9564
9567
9597
9625
9665
9678
9681
9693
9703
9710
9720
9723
9726
9729
9740
9745
9749
9762
9769
9805
9806
9808
9815
9823
9828
9848
9850
9855
9856
9858
9866
9867
9873
9889
9893
9901
9904
9910
9915
9924
9927
9935
9940
9944
9946
9955
10001
10006
10012
10022
10027
10037
10044
10064
10068
10078
10079
10081
10097
10104
10108
10115
10119
10136
10154
10161
10167
10181
10193
10195
10199
10204
10206
10208
10221
10235
10237
10244
10247
10258
10269
10274
10276
10287
10300
10308
10311
10321
10352
10364
10369
10370
10374
10376
10392
10408
10416
10419
10424
10429
10431
10439
10455
10462
10464
10474
10479
10501
10509
10520
10522
10551
10559
10570
10573
10575
10576
10586
10587
10604
10623
10636
10642
10643
10646
10653
10655
10660
10670
10686
10690
10694
10695
10702
10708
10724
10728
10729
10731
10738
10741
10749
10751
10753
10763
10772
10773
10793
10803
10812
10823
10828
10829
10830
10839
10848
10849
10864
10869
10887
10902
10913
10941
10961
10978
11000
11008
11034
11066
11070
11078
11096
11112
11113
11160
11165
11166
11174
11176
11184
11199
11209
11231
11248
11258
11278
11281
11305
11318
11328
11372
11390
11397
11412
11427
11431
11446
11450
11453
11464
11471
11475
11476
11477
11479
11483
11492
11502
11511
11512
11521
11524
11539
11541
11562
11569
11573
11575
11604
11611
11613
11614
11622
11626
11640
11669
11680
11686
11693
11709
11710
11720
11727
11745
11746
11759
11761
11766
11778
11781
11794
11796
11797
11853
11866
11876
11880
11886
11892
11896
11924
11932
11940
11942
11943
11949
11950
11966
11981
11992
12013
12014
12017
12069
12070
12085
12087
12115
12119
12132
12133
12135
12136
12137
12164
12175
12179
12190
12191
12213
12221
12227
12228
12233
12238
12242
12245
12253
12259
12267
12269
12276
12282
12284
12299
12303
12306
12307
12318
12327
12338
12358
12396
12400
12410
12415
12434
12450
12453
12460
12463
12468
12474
12480
12482
12483
12486
12490
12493
12503
12509
12526
12529
12570
12573
12582
12591
12592
12593
12611
12620
12633
12641
12643
12659
12683
12684
12690
12718
12719
12720
12739
12759
12772
12782
12786
12802
12804
12813
12815
12818
12819
12826
12829
12835
12859
12865
12866
12868
12877
12884
12886
12905
12909
12929
12934
12941
12942
12956
12959
12980
12987
12996
12998
13001
13004
13006
13011
13019
13025
13027
13051
13085
13087
13118
13144
13151
13155
13160
13165
13166
13173
13184
13187
13188
13201
13212
13235
13245
13247
13248
13252
13255
13256
13259
13262
13263
13264
13269
13274
13275
13288
13291
13305
13320
13322
13349
13361
13362
13364
13374
13379
13398
13404
13434
13447
13454
13458
13470
13481
13548
13591
13595
13615
13616
13634
13636
13643
13655
13657
13661
13703
13707
13713
13726
13734
13738
13744
13748
13750
13755
13762
13778
13781
13802
13822
13827
13844
13852
13868
13871
13880
13890
13899
13911
13927
13928
13943
13953
13954
13973
13989
13999
14000
14002
14013
14017
14020
14041
14044
14050
14056
14057
14058
14060
14097
14112
14121
14139
14142
14160
14162
14175
14176
14196
14203
14207
14209
14218
14223
14226
14240
14257
14264
14268
14279
14281
14282
14285
14294
14308
14317
14332
14334
14352
14359
14372
14387
14407
14420
14424
14433
14457
14460
14464
14472
14474
14487
14501
14505
14506
14509
14510
14523
14524
14526
14528
14531
14537
14541
14555
14556
14567
14573
14586
14587
14606
14609
14614
14624
14629
14633
14636
14649
14689
14709
14725
14726
14727
14731
14760
14766
14768
14771
14778
14790
14802
14814
14816
14817
14821
14840
14844
14856
14858
14883
14900
14904
14906
14910
14911
14931
14940
14952
14957
14968
14975
14980
14987
14993
15004
15012
15016
15023
15037
15040
15046
15054
15060
15073
15084
15086
15094
15111
15123
15126
15131
15141
15182
15190
15197
15199
15212
15221
15226
15227
15230
15238
15265
15290
15292
15303
15310
15313
15320
15324
15331
15335
15339
15351
15360
15367
15370
15392
15393
15394
15398
15403
15405
15424
15429
15466
15472
15487
15490
15492
15500
15515
15520
15521
15527
15531
15533
15534
15548
15550
15566
15581
15583
15600
15623
15645
15651
15655
15659
15665
15671
15680
15704
15726
15734
15748
15763
15766
15775
15779
15785
15799
15803
15830
15832
15839
15846
15873
15876
15878
15889
15900
15901
15906
15909
15910
15911
15940
15941
15956
15958
15962
15976
15982
15985
15989
15993
16009
16010
16016
16030
16033
16041
16048
16065
16070
16092
16095
16097
16099
16115
16118
16122
16129
16139
16143
16148
16152
16155
16165
16176
16205
16227
16231
16237
16254
16265
16277
16298
16299
16303
16306
16309
16315
16335
16336
16341
16362
16363
16384
16387
16388
16402
16404
16406
16417
16418
16420
16424
16429
16449
16454
16459
16479
16492
16496
16498
16503
16506
16509
16513
16527
16533
16534
16537
16550
16568
16574
16580
16617
16633
16644
16670
16705
16712
16719
16728
16770
16784
16791
16792
16796
16799
16804
16817
16818
16820
16866
16875
16876
16880
16883
16887
16891
16895
16902
16916
16933
16938
16947
16949
16952
16954
16961
16964
16973
16981
16983
16986
16990
16996
16999
17000
17004
17007
17024
17025
17027
17034
17041
17046
17048
17055
17060
17080
17081
17090
17095
17099
17108
17109
17110
17126
17135
17151
17167
17181
17182
17195
17205
17208
17253
17259
17271
17285
17290
17296
17304
17305
17320
17325
17342
17361
17362
17372
17379
17391
17393
17397
17401
17403
17414
17420
17424
17432
17437
17451
17452
17454
17460
17481
17482
17491
17502
17534
17543
17555
17556
17558
17562
17563
17566
17573
17575
17579
17605
17611
17620
17628
17643
17663
17669
17681
17696
17700
17703
17706
17712
17713
17719
17726
17727
17745
17764
17781
17785
17800
17809
17819
17841
17844
17851
17922
17935
17940
17944
17969
17972
17981
17982
17993
17994
18004
18015
18031
18033
18037
18065
18068
18072
18078
18091
18094
18096
18110
18124
18142
18148
18163
18164
18166
18177
18180
18203
18204
18211
18212
18233
18240
18243
18256
18260
18268
18274
18279
18280
18282
18286
18298
18302
18307
18312
18321
18328
18331
18339
18360
18368
18396
18399
18403
18409
18420
18422
18426
18427
18431
18444
18453
18465
18471
18475
18488
18491
18503
18512
18533
18535
18545
18549
18554
18582
18585
18595
18596
18599
18616
18631
18637
18646
18660
18669
18671
18674
18679
18681
18686
18693
18697
18703
18750
18751
18768
18778
18780
18794
18801
18816
18818
18837
18843
18845
18849
18859
18863
18865
18867
18874
18883
18884
18887
18921
18924
18929
18931
18942
18945
18946
18973
18976
18984
18986
18994
19002
19031
19033
19035
19039
19043
19050
19052
19059
19063
19077
19080
19097
19101
19113
19117
19120
19145
19146
19155
19175
19180
19187
19192
19197
19206
19212
19217
19223
19229
19255
19257
19275
19301
19315
19340
19343
19351
19354
19356
19368
19375
19377
19392
19401
19415
19441
19452
19458
19469
19480
19484
19490
19498
19507
19508
19514
19522
19524
19544
19593
19609
19616
19635
19643
19648
19666
19671
19687
19699
19701
19708
19710
19717
19732
19733
19742
19751
19772
19773
19774
19786
19797
19812
19814
19826
19828
19845
19847
19848
19864
19875
19891
19892
19907
19915
19921
19928
19945
19952
19953
19959
19971
19980
20016
20021
20038
20049
20056
20063
20080
20083
20088
20093
20126
20128
20143
20152
20154
20166
20173
20176
20183
20185
20190
20195
20214
20216
20239
20240
20260
20263
20270
20277
20282
20289
20304
20312
20316
20332
20367
20369
20373
20375
20379
20386
20388
20391
20407
20414
20415
20427
20437
20441
20444
20447
20465
20471
20474
20479
20485
20495
20505
20510
20520
20542
20543
20549
20554
20574
20575
20586
20594
20601
20612
20614
20640
20647
20668
20671
20673
20676
20685
20689
20708
20711
20712
20714
20717
20718
20730
20735
20736
20737
20754
20770
20775
20779
20781
20791
20792
20793
20820
20824
20832
20837
20842
20858
20871
20872
20894
20896
20899
20902
20937
20938
20943
20957
20959
20963
20967
20973
20978
20990
20999
21001
21008
21021
21025
21030
21036
21040
21050
21057
21059
21060
21069
21074
21075
21085
21095
21102
21103
21107
21116
21130
21133
21143
21150
21152
21158
21167
21191
21228
21239
21244
21250
21260
21265
21275
21282
21289
21294
21295
21305
21307
21341
21347
21375
21377
21380
21389
21398
21412
21414
21417
21420
21421
21439
21442
21454
21456
21467
21481
21484
21487
21522
21537
21543
21547
21551
21577
21583
21589
21600
21601
21637
21668
21669
21681
21682
21692
21695
21701
21706
21711
21739
21746
21755
21758
21765
21772
21783
21790
21796
21815
21820
21838
21844
21857
21871
21889
21915
21924
21936
21949
21956
21970
21976
21986
21995
22001
22005
22017
22018
22022
22023
22037
22044
22052
22056
22060
22063
22066
22075
22084
22086
22095
22096
22098
22102
22110
22117
22126
22128
22137
22143
22169
22184
22192
22195
22199
22208
22209
22226
22276
22278
22285
22291
22310
22313
22314
22333
22341
22349
22350
22355
22384
22398
22400
22412
22418
22439
22440
22442
22461
22494
22515
22527
22536
22541
22546
22550
22571
22574
22581
22598
22605
22607
22618
22619
22622
22627
22628
22652
22660
22672
22683
22693
22695
22706
22709
22710
22714
22717
22724
22735
22736
22742
22749
22753
22754
22759
22761
22762
22777
22782
22796
22797
22807
22815
22818
22823
22828
22830
22846
22860
22872
22874
22882
22883
22889
22891
22893
22923
22931
22933
22943
22959
22965
22977
22980
22999
23003
23009
23010
23019
23040
23066
23068
23071
23072
23091
23094
23110
23116
23122
23123
23127
23131
23142
23147
23149
23169
23189
23194
23203
23206
23209
23215
23218
23223
23228
23241
23247
23253
23258
23259
23262
23271
23275
23276
23300
23302
23305
23309
23315
23324
23341
23364
23366
23401
23408
23421
23435
23450
23455
23479
23488
23491
23499
23501
23507
23512
23516
23520
23529
23550
23583
23598
23603
23608
23612
23657
23666
23672
23678
23693
23694
23710
23730
23736
23746
23748
23757
23766
23771
23772
23804
23805
23817
23822
23824
23827
23830
23833
23843
23845
23855
23859
23864
23868
23871
23873
23882
23889
23893
23897
23920
23942
23956
23959
23971
23975
23976
23989
23994
24010
24032
24043
24045
24065
24073
24076
24091
24098
24106
24147
24148
24150
24156
24168
24169
24195
24197
24221
24233
24245
24252
24258
24260
24266
24272
24274
24285
24301
24307
24325
24334
24345
24359
24373
24385
24390
24394
24395
24402
24403
24421
24465
24477
24503
24507
24516
24517
24526
24533
24541
24549
24560
24594
24601
24606
24608
24611
24613
24616
24619
24627
24630
24632
24658
24680
24704
24715
24723
24728
24742
24748
24754
24766
24771
24773
24782
24787
24792
24796
24817
24824
24833
24848
24861
24864
24866
24868
24904
24907
24909
24913
24940
24941
24951
24953
24961
24965
24970
24980
24996
25017
25029
25032
25058
25098
25105
25113
25117
25119
25127
25154
25167
25174
25188
25207
25232
25240
25254
25264
25306
25316
25326
25337
25351
25366
25375
25376
25387
25391
25395
25404
25416
25421
25424
25428
25430
25439
25450
25457
25460
25467
25487
25510
25517
25522
25538
25540
25562
25567
25572
25575
25576
25585
25595
25596
25599
25604
25611
25620
25622
25634
25635
25636
25655
25662
25674
25677
25689
25690
25692
25704
25706
25710
25712
25723
25725
25727
25732
25758
25760
25763
25778
25786
25792
25794
25796
25799
25803
25804
25821
25860
25862
25865
25870
25881
25891
25893
25903
25907
25911
25922
25929
25940
25946
25947
25962
25963
25976
25993
25994
26012
26023
26043
26051
26065
26088
26089
26093
26095
26109
26120
26121
26137
26138
26151
26155
26157
26158
26161
26179
26181
26196
26197
26202
26203
26208
26215
26219
26238
26259
26271
26283
26291
26292
26309
26318
26320
26335
26340
26342
26361
26362
26375
26378
26383
26386
26399
26411
26414
26417
26430
26432
26436
26440
26442
26461
26471
26476
26508
26510
26516
26521
26523
26533
26534
26536
26541
26550
26552
26557
26566
26570
26573
26574
26581
26585
26588
26593
26599
26619
26628
26631
26634
26654
26658
26662
26684
26685
26689
26692
26693
26721
26722
26730
26731
26738
26755
26759
26764
26785
26790
26809
26822
26829
26834
26847
26852
26861
26871
26890
26893
26905
26922
26935
26937
26950
26953
26959
26963
26977
26978
26981
26983
26985
26996
27018
27022
27037
27059
27064
27082
27098
27109
27110
27112
27116
27117
27120
27129
27136
27140
27141
27145
27162
27164
27174
27176
27178
27189
27192
27193
27195
27201
27207
27211
27214
27216
27217
27230
27234
27239
27263
27271
27276
27290
27299
27354
27372
27384
27394
27398
27399
27419
27421
27440
27442
27445
27453
27465
27472
27482
27496
27497
27507
27512
27516
27525
27534
27540
27541
27542
27553
27557
27562
27573
27581
27583
27601
27611
27616
27617
27621
27623
27625
27638
27647
27684
27686
27688
27709
27715
27727
27730
27738
27739
27750
27753
27758
27761
27771
27784
27786
27797
27810
27812
27821
27824
27851
27853
27875
27878
27888
27898
27907
27909
27919
27920
27945
27948
27954
27976
27982
27988
27996
28003
28012
28029
28030
28048
28054
28056
28064
28066
28070
28122
28131
28143
28149
28161
28167
28175
28185
28188
28191
28197
28204
28216
28218
28225
28231
28237
28238
28243
28246
28261
28263
28268
28269
28270
28280
28298
28303
28321
28328
28339
28348
28351
28364
28368
28395
28402
28404
28417
28431
28440
28448
28452
28456
28463
28464
28471
28472
28501
28520
28522
28530
28541
28543
28549
28557
28564
28575
28577
28586
28587
28596
28598
28604
28615
28618
28628
28637
28655
28656
28658
28665
28707
28710
28719
28724
28752
28758
28763
28791
28810
28816
28820
28822
28835
28848
28850
28852
28853
28870
28880
28888
28906
28924
28930
28934
28939
28940
28942
28948
28949
28964
28968
28971
28973
28980
28985
29035
29047
29051
29076
29077
29080
29084
29099
29107
29108
29109
29117
29127
29131
29140
29149
29155
29162
29178
29184
29187
29194
29198
29202
29207
29211
29226
29229
29230
29270
29271
29290
29295
29309
29310
29311
29316
29320
29329
29348
29371
29372
29382
29392
29393
29397
29400
29401
29407
29411
29412
29413
29414
29418
29424
29427
29429
29441
29447
29458
29459
29485
29501
29506
29507
29524
29533
29535
29547
29551
29566
29567
29569
29578
29580
29581
29594
29599
29629
29647
29648
29650
29658
29664
29677
29685
29695
29704
29710
29723
29727
29746
29756
29759
29773
29775
29776
29780
29785
29791
29796
29797
29814
29818
29837
29846
29870
29879
29881
29890
29896
29903
29907
29910
29923
29945
29951
29958
29977
29981
29982
29986
30002
30005
30007
30008
30015
30027
30031
30033
30040
30057
30072
30082
30092
30096
30098
30108
30113
30115
30126
30133
30141
30146
30149
30161
30165
30174
30182
30187
30196
30199
30200
30201
30202
30265
30270
30289
30291
30292
30308
30321
30325
30354
30360
30366
30372
30388
30397
30407
30409
30425
30427
30435
30445
30450
30464
30476
30477
30491
30525
30530
30536
30541
30545
30550
30559
30564
30567
30569
30584
30592
30595
30597
30601
30603
30605
30606
30614
30620
30628
30631
30634
30635
30651
30652
30653
30667
30677
30685
30687
30697
30711
30713
30732
30740
30743
30763
30765
30772
30775
30783
30784
30786
30802
30809
30816
30817
30820
30822
30831
30847
30876
30878
30879
30896
30899
30902
30915
30942
30955
30967
30980
31001
31013
31016
31017
31020
31025
31032
31034
31040
31056
31079
31084
31101
31109
31139
31147
31161
31162
31174
31176
31180
31181
31186
31194
31196
31205
31220
31222
31225
31230
31237
31242
31243
31246
31255
31258
31265
31267
31271
31275
31285
31326
31332
31335
31337
31343
31354
31367
31375
31378
31380
31386
31405
31410
31413
31457
31484
31511
31524
31538
31541
31550
31551
31553
31557
31558
31568
31570
31575
31591
31606
31616
31626
31638
31650
31651
31654
31655
31662
31673
31675
31677
31681
31682
31698
31708
31728
31753
31770
31786
31789
31825
31827
31829
31849
31854
31858
31876
31887
31889
31901
31919
31925
31951
31959
31964
31982
31991
31993
32002
32012
32026
32036
32044
32045
32048
32049
32057
32062
32070
32071
32081
32091
32094
32096
32098
32104
32119
32129
32130
32137
32138
32145
32147
32148
32156
32161
32164
32166
32168
32171
32192
32198
32201
32202
32208
32211
32216
32223
32238
32243
32269
32276
32295
32312
32327
32328
32338
32343
32363
32370
32390
32401
32403
32408
32415
32420
32425
32453
32455
32471
32473
32482
32517
32524
32528
32536
32541
32577
32594
32602
32618
32619
32642
32643
32648
32650
32661
32689
32710
32713
32720
32737
32770
32775
32789
32805
32821
32828
32841
32848
32860
32863
32872
32883
32884
32886
32889
32905
32912
32915
32916
32918
32927
32953
32965
32968
32975
32976
32981
32982
33005
33006
33007
33010
33017
33027
33041
33048
33062
33070
33084
33088
33095
33112
33119
33121
33125
33139
33153
33157
33158
33163
33172
33178
33180
33186
33188
33194
33200
33205
33208
33214
33221
33231
33242
33262
33269
33278
33303
33305
33313
33318
33326
33333
33341
33345
33346
33347
33352
33354
33359
33377
33389
33401
33417
33430
33431
33436
33442
33443
33468
33484
33485
33488
33507
33510
33523
33529
33534
33545
33546
33582
33584
33600
33602
33615
33616
33627
33628
33631
33634
33648
33651
33658
33670
33671
33673
33729
33738
33741
33766
33768
33773
33776
33780
33783
33784
33806
33810
33814
33822
33836
33845
33888
33890
33892
33901
33906
33919
33929
33932
33938
33939
33942
33966
34001
34031
34033
34044
34050
34051
34076
34077
34080
34088
34106
34111
34113
34126
34129
34135
34140
34142
34144
34150
34157
34159
34172
34174
34176
34191
34203
34207
34208
34214
34238
34242
34244
34250
34253
34256
34277
34291
34301
34313
34353
34358
34366
34382
34388
34389
34394
34396
34398
34400
34401
34426
34428
34430
34432
34437
34458
34459
34463
34467
34469
34471
34472
34478
34493
34503
34511
34530
34548
34549
34558
34571
34575
34580
34588
34595
34597
34634
34640
34645
34647
34668
34680
34681
34684
34705
34719
34720
34731
34742
34747
34757
34769
34781
34786
34799
34804
34832
34835
34840
34842
34858
34864
34876
34893
34906
34918
34922
34932
34936
34937
34941
34949
34951
34953
34979
35002
35020
35038
35044
35056
35059
35061
35065
35079
35081
35107
35113
35120
35122
35131
35141
35148
35152
35154
35177
35179
35197
35199
35205
35206
35215
35225
35233
35253
35259
35331
35347
35357
35361
35368
35384
35389
35392
35397
35408
35409
35412
35414
35416
35422
35423
35425
35440
35445
35464
35480
35484
35489
35494
35505
35514
35522
35524
35529
35534
35540
35550
35561
35564
35566
35573
35575
35598
35608
35613
35622
35632
35642
35645
35676
35692
35707
35730
35754
35758
35759
35760
35761
35762
35767
35773
35778
35783
35787
35789
35795
35799
35801
35804
35811
35815
35819
35835
35837
35838
35840
35842
35844
35854
35857
35865
35868
35869
35878
35889
35893
35931
35950
35955
35983
36016
36017
36018
36021
36034
36042
36061
36064
36083
36092
36108
36115
36127
36129
36135
36144
36146
36148
36149
36220
36222
36224
36229
36230
36260
36265
36268
36271
36280
36286
36312
36314
36322
36327
36330
36337
36350
36353
36358
36377
36391
36393
36404
36415
36457
36469
36475
36480
36481
36494
36516
36527
36533
36544
36559
36565
36567
36577
36585
36589
36594
36602
36604
36608
36610
36618
36631
36633
36637
36639
36650
36659
36678
36687
36688
36692
36696
36701
36703
36705
36721
36725
36728
36738
36748
36762
36763
36764
36778
36780
36783
36785
36813
36822
36831
36845
36849
36850
36895
36913
36918
36927
36929
36937
36964
36966
36973
36974
36975
36982
36987
36991
36992
37013
37014
37025
37027
37031
37037
37051
37059
37067
37085
37103
37109
37110
37115
37119
37120
37126
37127
37129
37141
37148
37154
37164
37178
37195
37199
37201
37226
37238
37252
37259
37262
37265
37266
37268
37273
37278
37280
37281
37284
37301
37305
37311
37338
37353
37356
37368
37382
37386
37402
37414
37418
37419
37426
37452
37468
37472
37502
37508
37528
37533
37558
37564
37577
37586
37593
37596
37607
37612
37630
37646
37651
37652
37654
37665
37669
37674
37679
37687
37706
37714
37716
37725
37734
37738
37745
37755
37768
37771
37780
37781
37793
37810
37818
37825
37826
37833
37843
37844
37845
37864
37868
37876
37892
37896
37914
37915
37930
37950
37956
37965
37974
37989
37996
38009
38016
38036
38044
38046
38062
38069
38099
38102
38105
38110
38112
38119
38120
38121
38127
38128
38153
38163
38168
38184
38188
38197
38212
38238
38241
38267
38268
38279
38287
38291
38295
38301
38304
38306
38315
38321
38325
38337
38346
38357
38360
38365
38369
38371
38388
38399
38406
38423
38424
38426
38427
38435
38437
38438
38451
38472
38483
38484
38502
38508
38525
38533
38538
38550
38586
38593
38602
38613
38629
38631
38635
38641
38647
38672
38674
38675
38689
38721
38732
38741
38743
38753
38771
38789
38793
38804
38812
38813
38825
38826
38830
38880
38895
38902
38903
38919
38921
38947
38953
38978
38983
38992
39011
39012
39057
39074
39078
39082
39089
39095
39096
39109
39143
39161
39191
39240
39255
39257
39260
39272
39303
39305
39315
39319
39322
39325
39344
39349
39353
39360
39364
39366
39383
39404
39407
39435
39445
39449
39474
39484
39492
39495
39497
39510
39516
39517
39526
39568
39581
39583
39586
39593
39597
39619
39622
39638
39653
39656
39657
39658
39662
39666
39689
39705
39706
39710
39721
39737
39743
39746
39753
39762
39764
39772
39775
39781
39782
39783
39799
39809
39811
39812
39821
39843
39850
39865
39867
39889
39915
39917
39934
39935
39976
39983
39989
40015
40016
40022
40023
40024
40037
40042
40051
40055
40066
40068
40072
40087
40094
40104
40120
40140
40141
40142
40151
40156
40167
40189
40196
40219
40232
40236
40237
40238
40240
40249
40254
40266
40272
40275
40276
40290
40294
40295
40305
40314
40319
40323
40332
40335
40359
40386
40393
40401
40402
40403
40411
40424
40431
40462
40474
40481
40490
40500
40510
40511
40525
40534
40537
40546
40551
40558
40576
40586
40596
40610
40626
40635
40641
40644
40645
40658
40676
40677
40685
40702
40707
40715
40719
40721
40723
40724
40729
40741
40762
40766
40775
40778
40779
40799
40813
40828
40835
40852
40859
40863
40871
40877
40918
40932
40941
40945
40946
40950
40967
40969
40982
41006
41007
41018
41019
41020
41025
41028
41064
41071
41075
41085
41111
41132
41143
41156
41158
41161
41165
41166
41173
41174
41180
41188
41200
41203
41204
41219
41221
41226
41227
41233
41242
41243
41262
41264
41278
41279
41282
41284
41291
41303
41317
41319
41349
41372
41375
41376
41378
41380
41388
41396
41397
41401
41402
41409
41416
41419
41422
41434
41437
41438
41439
41444
41469
41487
41490
41497
41502
41508
41517
41535
41540
41542
41546
41547
41577
41578
41580
41630
41634
41646
41674
41675
41681
41691
41703
41715
41720
41731
41734
41737
41741
41744
41753
41782
41797
41799
41807
41841
41844
41855
41893
41895
41902
41907
41914
41922
41930
41933
41934
41945
41946
41949
42001
42006
42019
42020
42023
42024
42047
42053
42058
42061
42062
42066
42069
42079
42080
42100
42104
42109
42112
42114
42122
42138
42144
42149
42166
42177
42185
42199
42207
42230
42247
42254
42255
42257
42264
42269
42273
42278
42282
42285
42289
42303
42323
42341
42344
42345
42351
42356
42360
42374
42395
42406
42410
42419
42427
42433
42465
42468
42471
42476
42479
42493
42500
42507
42512
42513
42518
42541
42545
42562
42568
42571
42578
42579
42590
42605
42627
42640
42662
42675
42687
42690
42691
42695
42706
42727
42744
42748
42749
42756
42762
42766
42767
42773
42800
42808
42825
42848
42872
42884
42892
42908
42912
42913
42916
42926
42927
42937
42967
42970
42977
42982
42999
43009
43057
43074
43076
43077
43090
43091
43092
43100
43103
43105
43115
43123
43130
43139
43148
43150
43154
43163
43186
43221
43233
43257
43258
43282
43297
43319
43324
43326
43332
43336
43338
43340
43341
43346
43347
43357
43365
43374
43391
43418
43426
43430
43431
43440
43446
43447
43455
43473
43476
43477
43481
43487
43498
43499
43505
43518
43519
43529
43531
43544
43549
43552
43554
43568
43572
43573
43578
43582
43583
43590
43600
43602
43611
43617
43620
43634
43649
43657
43662
43665
43667
43680
43683
43684
43703
43706
43712
43713
43714
43717
43718
43719
43721
43728
43732
43734
43740
43742
43764
43768
43789
43793
43806
43809
43815
43817
43820
43827
43829
43834
43861
43864
43870
43897
43907
43911
43913
43915
43927
43945
43949
43983
43985
43990
43993
44004
44009
44014
44030
44033
44039
44049
44069
44070
44087
44091
44117
44143
44146
44149
44158
44176
44184
44198
44203
44208
44214
44221
44223
44234
44239
44247
44250
44268
44288
44289
44292
44294
44307
44312
44322
44323
44334
44353
44365
44382
44391
44392
44413
44428
44448
44456
44478
44481
44494
44505
44510
44519
44538
44540
44544
44546
44556
44560
44566
44572
44578
44585
44592
44594
44600
44607
44614
44622
44624
44628
44630
44638
44646
44664
44669
44683
44690
44692
44696
44725
44728
44730
44734
44752
44753
44760
44764
44767
44771
44774
44775
44776
44780
44781
44789
44791
44797
44803
44809
44824
44830
44833
44841
44851
44881
44883
44893
44907
44911
44918
44922
44926
44932
44938
44955
44959
44975
44984
45004
45015
45016
45017
45031
45049
45053
45057
45063
45070
45085
45088
45103
45113
45125
45131
45142
45143
45149
45155
45168
45180
45194
45198
45199
45202
45213
45218
45219
45229
45230
45240
45248
45258
45264
45271
45284
45291
45301
45319
45320
45324
45339
45348
45358
45391
45395
45417
45440
45447
45455
45487
45488
45508
45518
45521
45531
45534
45547
45548
45563
45578
45586
45589
45602
45616
45627
45634
45644
45672
45674
45699
45702
45705
45713
45715
45720
45724
45727
45746
45750
45762
45763
45764
45767
45770
45776
45782
45789
45803
45819
45828
45845
45857
45869
45879
45898
45904
45908
45916
45918
45929
45935
45936
45941
45943
45957
45962
45972
45979
45996
45998
45999
46004
46005
46006
46011
46026
46034
46048
46056
46060
46064
46069
46074
46078
46082
46090
46098
46126
46133
46135
46152
46154
46159
46166
46172
46189
46190
46192
46194
46198
46217
46226
46228
46232
46234
46244
46245
46251
46253
46263
46264
46268
46284
46291
46300
46324
46346
46348
46350
46360
46363
46376
46377
46384
46403
46427
46434
46437
46443
46445
46450
46455
46457
46466
46472
46481
46487
46489
46508
46516
46521
46525
46527
46528
46547
46555
46559
46569
46586
46610
46611
46614
46634
46654
46669
46672
46673
46674
46678
46683
46701
46707
46716
46740
46743
46761
46765
46767
46772
46773
46777
46787
46790
46798
46804
46835
46849
46855
46866
46880
46891
46893
46894
46903
46904
46916
46920
46923
46925
46933
46935
46942
46958
46976
46982
46988
46996
47012
47013
47014
47017
47022
47031
47041
47042
47045
47067
47069
47073
47089
47090
47094
47108
47117
47125
47131
47145
47154
47161
47169
47175
47189
47193
47203
47211
47213
47217
47222
47230
47239
47242
47257
47265
47279
47290
47309
47329
47330
47333
47338
47361
47383
47401
47414
47425
47437
47444
47447
47454
47455
47459
47460
47467
47469
47485
47496
47500
47503
47510
47514
47540
47546
47550
47551
47555
47557
47562
47567
47579
47580
47581
47600
47607
47609
47618
47626
47628
47634
47639
47646
47652
47660
47665
47699
47711
47713
47715
47758
47759
47771
47772
47786
47798
47800
47804
47819
47823
47830
47842
47852
47860
47861
47863
47867
47870
47872
47907
47909
47910
47925
47928
47929
47947
47949
47956
47976
47996
48008
48014
48016
48025
48029
48035
48044
48048
48075
48083
48085
48086
48093
48099
48112
48116
48122
48137
48138
48143
48152
48160
48164
48171
48180
48187
48202
48204
48212
48226
48227
48241
48248
48249
48281
48291
48293
48295
48298
48305
48310
48338
48343
48350
48371
48372
48383
48386
48387
48388
48408
48411
48416
48423
48427
48429
48431
48451
48471
48477
48492
48493
48499
48500
48530
48533
48534
48545
48548
48562
48565
48578
48591
48602
48620
48633
48641
48652
48662
48673
48675
48696
48708
48709
48727
48743
48769
48772
48781
48785
48796
48797
48824
48852
48856
48870
48871
48885
48914
48915
48917
48921
48932
48935
48937
48941
48948
48956
48971
48993
49010
49019
49050
49077
49087
49121
49123
49135
49139
49146
49156
49174
49192
49197
49200
49202
49203
49226
49229
49234
49240
49241
49258
49274
49279
49285
49295
49300
49308
49323
49330
49345
49348
49372
49374
49376
49378
49384
49392
49396
49414
49430
49463
49486
49490
49497
49516
49524
49525
49539
49542
49558
49587
49589
49616
49626
49634
49641
49645
49650
49673
49677
49681
49689
49692
49696
49702
49705
49710
49714
49723
49726
49729
49742
49743
49754
49768
49769
49794
49821
49862
49865
49869
49885
49892
49903
49904
49906
49907
49909
49911
49912
49945
49950
49958
49969
49972
49973
49974
49989
49993
49995
49999
50001
50005
50008
50011
50017
50023
50025
50039
50054
50055
50059
50065
50066
50076
50084
50087
50091
50109
50124
50132
50163
50171
50175
50180
50214
50222
50224
50235
50242
50246
50261
50281
50282
50304
50307
50314
50318
50360
50365
50368
50387
50400
50439
50442
50454
50455
50457
50464
50476
50486
50500
50502
50523
50529
50544
50548
50580
50583
50595
50597
50602
50607
50621
50626
50627
50638
50641
50648
50657
50659
50661
50663
50671
50672
50683
50685
50688
50690
50691
50703
50710
50722
50729
50741
50749
50794
50808
50812
50814
50818
50819
50820
50829
50834
50863
50875
50884
50886
50888
50896
50898
50905
50920
50922
50923
50929
50941
50951
50972
50986
50989
51014
51029
51042
51065
51067
51083
51091
51092
51093
51120
51122
51133
51138
51139
51158
51163
51168
51171
51179
51182
51200
51202
51214
51217
51223
51229
51242
51252
51268
51284
51288
51291
51298
51313
51321
51339
51353
51358
51362
51375
51388
51406
51408
51419
51422
51426
51437
51438
51447
51448
51453
51482
51488
51503
51506
51511
51519
51536
51542
51553
51586
51593
51598
51606
51609
51618
51637
51642
51650
51659
51666
51667
51682
51688
51699
51700
51702
51707
51710
51714
51715
51722
51723
51732
51737
51740
51744
51748
51749
51759
51769
51786
51787
51792
51800
51801
51810
51811
51813
51814
51831
51842
51865
51867
51873
51874
51881
51883
51890
51894
51906
51911
51913
51922
51924
51925
51942
51991
52025
52041
52046
52061
52068
52082
52093
52100
52109
52115
52120
52127
52130
52132
52146
52163
52180
52181
52195
52202
52205
52208
52210
52221
52226
52229
52263
52264
52269
52272
52279
52300
52303
52307
52318
52324
52330
52334
52338
52342
52346
52352
52356
52365
52367
52372
52376
52384
52390
52397
52400
52403
52404
52407
52414
52432
52438
52441
52454
52458
52475
52487
52498
52502
52534
52536
52537
52544
52551
52553
52561
52562
52581
52586
52588
52615
52616
52619
52620
52621
52633
52647
52651
52656
52664
52670
52688
52703
52704
52706
52737
52739
52747
52773
52789
52802
52815
52816
52833
52856
52905
52915
52932
52937
52947
52953
52962
52968
52978
53005
53007
53016
53034
53054
53064
53088
53100
53101
53110
53129
53133
53136
53149
53155
53161
53162
53166
53168
53205
53208
53229
53230
53257
53264
53295
53296
53297
53311
53330
53336
53337
53349
53358
53360
53362
53369
53371
53379
53380
53384
53387
53393
53395
53396
53407
53415
53419
53429
53433
53444
53464
53466
53473
53489
53497
53501
53511
53515
53534
53540
53550
53552
53556
53566
53588
53600
53617
53623
53642
53648
53655
53657
53662
53663
53681
53683
53688
53696
53704
53707
53717
53745
53748
53754
53764
53784
53789
53795
53816
53821
53831
53835
53836
53839
53851
53888
53889
53896
53923
53926
53942
53950
53957
53962
53963
53974
53981
53983
53984
53997
54002
54016
54021
54022
54026
54040
54056
54071
54121
54131
54137
54142
54144
54145
54146
54150
54169
54171
54188
54197
54203
54224
54229
54245
54250
54252
54265
54275
54293
54298
54304
54305
54311
54316
54329
54330
54335
54338
54340
54341
54359
54370
54371
54415
54421
54442
54444
54462
54475
54478
54482
54485
54495
54496
54497
54510
54513
54536
54550
54559
54560
54566
54567
54610
54621
54622
54648
54650
54651
54667
54687
54695
54710
54726
54732
54766
54767
54771
54776
54778
54781
54793
54813
54825
54831
54834
54849
54881
54889
54891
54904
54919
54920
54923
54926
54927
54949
54995
55025
55030
55036
55059
55064
55068
55093
55097
55138
55141
55149
55170
55171
55172
55180
55192
55195
55206
55207
55210
55227
55230
55233
55237
55244
55246
55249
55272
55274
55275
55287
55310
55312
55317
55319
55340
55343
55345
55355
55356
55389
55405
55408
55416
55446
55453
55460
55464
55471
55486
55491
55508
55518
55542
55546
55553
55565
55574
55575
55592
55606
55615
55623
55626
55632
55637
55645
55657
55659
55673
55677
55679
55682
55686
55688
55691
55695
55696
55698
55715
55727
55733
55742
55750
55753
55756
55758
55770
55771
55794
55799
55810
55811
55827
55843
55862
55867
55870
55879
55901
55931
55940
55961
55980
55987
55993
56017
56018
56029
56031
56037
56048
56049
56056
56057
56061
56069
56071
56076
56082
56083
56088
56089
56093
56108
56110
56119
56121
56122
56136
56142
56146
56192
56196
56203
56208
56210
56212
56224
56239
56271
56275
56300
56302
56308
56311
56329
56360
56368
56370
56377
56378
56382
56384
56395
56401
56403
56410
56421
56433
56435
56436
56437
56459
56463
56465
56467
56485
56488
56513
56520
56522
56526
56528
56548
56553
56574
56575
56581
56582
56584
56597
56611
56624
56639
56641
56647
56650
56653
56654
56660
56663
56667
56673
56677
56690
56697
56700
56732
56742
56748
56754
56779
56781
56782
56790
56803
56810
56842
56844
56849
56857
56864
56865
56867
56868
56880
56888
56893
56903
56907
56918
56922
56923
56924
56930
56936
56961
56971
56973
56975
56978
57011
57023
57028
57043
57045
57046
57054
57057
57071
57074
57076
57079
57084
57093
57104
57114
57115
57133
57136
57145
57182
57186
57192
57197
57204
57211
57218
57234
57244
57253
57259
57270
57271
57282
57285
57287
57296
57299
57302
57312
57313
57329
57331
57333
57340
57341
57344
57345
57348
57362
57376
57377
57380
57398
57427
57432
57436
57438
57460
57464
57465
57478
57482
57483
57496
57513
57517
57527
57541
57544
57547
57553
57566
57567
57570
57572
57573
57576
57590
57594
57604
57615
57630
57659
57661
57682
57690
57710
57711
57712
57717
57730
57735
57739
57744
57748
57761
57777
57783
57790
57800
57811
57813
57818
57821
57827
57850
57857
57858
57870
57887
57895
57904
57910
57911
57919
57937
57938
57939
57949
57951
57970
57977
57980
57982
57994
57999
58009
58011
58052
58054
58062
58065
58073
58080
58081
58089
58092
58105
58107
58108
58114
58116
58119
58124
58131
58141
58147
58157
58161
58162
58163
58172
58180
58185
58191
58208
58222
58228
58235
58252
58255
58261
58263
58269
58272
58285
58294
58304
58307
58316
58324
58335
58340
58402
58415
58418
58457
58463
58464
58474
58476
58480
58483
58486
58489
58490
58495
58500
58507
58514
58529
58532
58535
58536
58543
58550
58551
58555
58558
58561
58570
58575
58579
58586
58596
58597
58609
58614
58619
58642
58646
58660
58662
58674
58675
58689
58692
58733
58734
58743
58746
58751
58755
58757
58788
58791
58792
58818
58837
58840
58846
58848
58856
58859
58873
58877
58883
58886
58888
58889
58902
58910
58914
58916
58919
58922
58924
58938
58941
58949
58952
58960
58961
58968
58976
58980
58981
59002
59012
59025
59035
59044
59068
59071
59092
59096
59097
59098
59124
59129
59135
59148
59168
59172
59173
59184
59194
59196
59198
59200
59211
59222
59228
59242
59256
59259
59271
59282
59291
59302
59320
59322
59325
59333
59345
59347
59382
59391
59404
59411
59419
59420
59426
59434
59439
59440
59441
59464
59465
59467
59473
59474
59494
59506
59525
59535
59550
59553
59564
59593
59598
59603
59612
59639
59662
59667
59673
59676
59683
59687
59709
59723
59736
59743
59745
59756
59816
59823
59827
59832
59840
59850
59862
59881
59885
59897
59900
59908
59910
59923
59928
59954
59955
59959
59967
59975
59978
59985
59988
59992
59998
60005
60007
60010
60012
60021
60049
60064
60082
60101
60103
60115
60118
60127
60160
60165
60175
60194
60195
60196
60201
60245
60262
60264
60270
60277
60282
60284
60287
60297
60303
60322
60329
60336
60340
60341
60342
60364
60370
60378
60379
60399
60402
60412
60429
60432
60435
60441
60470
60484
60487
60490
60491
60494
60497
60507
60514
60520
60534
60554
60561
60573
60576
60600
60606
60620
60622
60623
60627
60630
60633
60650
60652
60654
60676
60682
60702
60714
60735
60737
60817
60826
60853
60857
60862
60865
60868
60871
60872
60876
60880
60884
60894
60900
60930
60941
60953
60958
60961
60966
60970
60977
60978
60979
60980
60987
60988
60989
60991
60999
61000
61005
61010
61012
61020
61021
61029
61035
61050
61066
61076
61077
61086
61088
61097
61100
61101
61132
61137
61140
61154
61156
61158
61176
61183
61184
61198
61202
61203
61221
61239
61302
61333
61340
61341
61349
61365
61371
61377
61388
61389
61394
61396
61410
61417
61418
61420
61438
61448
61455
61489
61491
61493
61494
61510
61520
61546
61557
61559
61562
61570
61580
61605
61610
61612
61618
61637
61661
61672
61675
61683
61694
61696
61708
61713
61715
61717
61721
61745
61755
61763
61764
61766
61769
61775
61784
61787
61790
61799
61814
61819
61840
61844
61854
61873
61876
61883
61884
61886
61920
61938
61939
61946
61949
61954
61961
61976
62010
62014
62023
62032
62037
62047
62053
62055
62076
62079
62084
62096
62099
62115
62131
62138
62153
62160
62162
62166
62178
62180
62233
62256
62273
62285
62287
62297
62304
62307
62309
62338
62343
62352
62360
62367
62370
62388
62392
62405
62409
62419
62424
62432
62434
62436
62440
62445
62481
62483
62485
62491
62499
62502
62503
62507
62513
62521
62524
62527
62531
62542
62545
62552
62560
62562
62577
62580
62590
62608
62626
62637
62645
62652
62664
62673
62686
62737
62760
62764
62766
62773
62786
62795
62804
62805
62808
62813
62818
62825
62830
62835
62841
62850
62853
62858
62872
62897
62915
62920
62923
62929
62936
62950
62959
62976
62980
62993
62994
62995
63017
63029
63039
63058
63063
63080
63083
63097
63105
63115
63129
63135
63152
63176
63181
63182
63200
63202
63209
63211
63212
63214
63219
63230
63257
63260
63264
63270
63279
63281
63286
63287
63288
63296
63303
63308
63309
63318
63320
63338
63340
63341
63350
63373
63395
63397
63409
63424
63430
63434
63440
63450
63452
63454
63455
63456
63458
63464
63467
63468
63479
63480
63500
63504
63511
63538
63545
63548
63554
63559
63565
63570
63571
63579
63582
63586
63618
63619
63640
63642
63650
63681
63682
63690
63692
63695
63697
63724
63731
63741
63749
63785
63786
63793
63811
63823
63826
63835
63848
63856
63878
63879
63896
63902
63907
63917
63919
63923
63924
63932
63936
63937
63938
63957
63980
63984
64006
64016
64028
64030
64038
64043
64054
64070
64089
64091
64122
64123
64131
64134
64136
64143
64154
64158
64160
64178
64179
64182
64192
64196
64202
64207
64211
64216
64226
64247
64248
64255
64266
64274
64307
64310
64325
64330
64334
64337
64338
64352
64360
64387
64420
64433
64434
64441
64459
64464
64465
64469
64477
64485
64511
64514
64515
64529
64571
64573
64580
64586
64597
64604
64605
64618
64620
64629
64637
64638
64648
64658
64663
64679
64688
64697
64708
64719
64726
64729
64730
64745
64757
64758
64775
64794
64796
64816
64823
64833
64860
64863
64868
64875
64880
64885
64898
64907
64913
64935
64939
64943
64959
64962
64973
64975
64977
64979
64991
65002
65006
65008
65016
65022
65037
65038
65046
65069
65072
65088
65091
65092
65096
65109
65116
65118
65149
65151
65156
65163
65169
65202
65209
65211
65217
65223
65240
65249
65275
65279
65287
65288
65290
65296
65306
65307
65316
65325
65326
65329
65333
65336
65337
65338
65339
65346
65363
65374
65375
65376
65387
65428
65449
65473
65476
65477
65483
65491
65492
65501
65506
65511
65515
65520
65527
65535
65540
65542
65555
65557
65575
65576
65578
65579
65580
65596
65614
65618
65627
65629
65636
65641
65655
65658
65679
65693
65701
65711
65714
65721
65729
65740
65745
65761
65764
65766
65778
65787
65798
65806
65809
65829
65836
65844
65849
65852
65858
65866
65871
65885
65890
65893
65895
65898
65900
65920
65923
65927
65929
65944
65948
65954
65967
65973
65974
65986
65999
66012
66023
66031
66052
66067
66069
66078
66079
66098
66103
66107
66113
66123
66136
66137
66155
66167
66175
66182
66188
66197
66198
66233
66238
66239
66244
66253
66254
66261
66269
66288
66295
66297
66302
66306
66307
66341
66353
66360
66370
66400
66404
66405
66407
66411
66415
66421
66422
66427
66443
66476
66493
66497
66498
66506
66540
66544
66565
66569
66572
66581
66593
66595
66596
66605
66608
66611
66618
66633
66644
66647
66660
66665
66666
66684
66695
66705
66713
66728
66736
66742
66750
66752
66762
66775
66782
66789
66811
66835
66861
66866
66870
66900
66902
66910
66911
66913
66922
66924
66933
66944
66945
66955
66959
66965
66976
67018
67033
67034
67042
67044
67045
67068
67071
67075
67079
67087
67095
67102
67130
67131
67138
67145
67148
67149
67150
67167
67172
67173
67186
67190
67216
67220
67230
67241
67246
67265
67274
67279
67288
67301
67302
67309
67327
67339
67343
67348
67376
67379
67386
67387
67421
67426
67443
67444
67451
67483
67488
67493
67495
67497
67504
67513
67516
67527
67532
67540
67556
67558
67559
67575
67592
67599
67606
67613
67619
67625
67646
67649
67650
67653
67656
67659
67660
67674
67691
67694
67704
67710
67712
67719
67730
67736
67738
67750
67751
67755
67760
67772
67776
67779
67782
67783
67788
67798
67805
67815
67823
67835
67854
67855
67861
67865
67867
67869
67883
67895
67897
67911
67912
67922
67940
67941
67949
67951
67959
67961
67965
67972
67980
67983
67988
68032
68043
68078
68081
68100
68103
68126
68133
68142
68144
68148
68149
68150
68154
68164
68172
68177
68190
68217
68243
68247
68251
68255
68258
68267
68279
68305
68306
68308
68310
68323
68324
68327
68344
68353
68360
68368
68377
68387
68421
68448
68449
68452
68454
68455
68474
68489
68493
68499
68500
68504
68511
68515
68527
68528
68542
68547
68549
68565
68580
68588
68592
68594
68603
68610
68617
68618
68623
68633
68661
68672
68677
68683
68706
68721
68725
68728
68734
68758
68774
68780
68781
68784
68786
68787
68808
68820
68821
68845
68858
68877
68878
68888
68890
68900
68907
68913
68924
68931
68936
68939
68954
68960
68966
68967
68980
68989
68991
69019
69029
69068
69070
69078
69088
69100
69102
69115
69117
69118
69119
69135
69142
69149
69150
69154
69161
69167
69171
69172
69189
69192
69204
69206
69224
69225
69227
69229
69234
69238
69245
69246
69248
69263
69269
69282
69298
69300
69320
69326
69332
69337
69355
69374
69381
69383
69386
69395
69398
69414
69416
69420
69421
69435
69445
69458
69475
69476
69482
69498
69508
69519
69524
69559
69566
69569
69580
69605
69606
69608
69609
69610
69618
69628
69650
69656
69675
69677
69678
69700
69712
69728
69738
69741
69745
69748
69750
69755
69764
69767
69771
69779
69793
69802
69822
69826
69833
69837
69842
69846
69848
69864
69882
69890
69892
69909
69910
69920
69927
69961
69971
69977
69991
69993
70004
70015
70022
70030
70032
70049
70060
70067
70069
70071
70075
70081
70083
70091
70096
70099
70103
70107
70143
70152
70155
70169
70182
70221
70225
70248
70272
70280
70298
70300
70301
70317
70319
70323
70344
70352
70359
70431
70446
70447
70475
70487
70494
70509
70511
70518
70530
70537
70568
70577
70594
70629
70639
70660
70681
70688
70721
70756
70757
70797
70798
70802
70805
70807
70810
70831
70843
70917
70926
70933
70943
70947
70951
70956
70960
70961
70962
70967
70983
70998
71002
71005
71012
71015
71020
71034
71039
71040
71041
71046
71056
71058
71066
71071
71072
71084
71085
71090
71105
71111
71118
71123
71124
71126
71132
71151
71152
71161
71175
71186
71187
71195
71226
71239
71253
71256
71265
71271
71291
71306
71316
71334
71355
71372
71374
71387
71389
71411
71447
71453
71487
71498
71499
71501
71517
71523
71524
71531
71543
71550
71572
71581
71611
71616
71617
71621
71631
71636
71637
71644
71646
71648
71662
71673
71678
71685
71691
71694
71699
71720
71728
71730
71731
71732
71743
71745
71760
71762
71765
71768
71784
71806
71809
71815
71828
71831
71833
71851
71864
71891
71895
71896
71898
71903
71913
71914
71918
71936
71962
71964
71967
71982
71985
72005
72010
72011
72018
72028
72072
72081
72087
72104
72112
72130
72142
72154
72171
72172
72174
72175
72184
72189
72192
72194
72203
72207
72209
72215
72243
72255
72262
72264
72274
72301
72302
72355
72356
72358
72375
72393
72398
72403
72422
72435
72438
72453
72459
72472
72475
72491
72500
72518
72520
72553
72556
72566
72567
72583
72586
72590
72605
72615
72629
72634
72641
72651
72655
72664
72682
72683
72689
72691
72692
72697
72699
72716
72724
72730
72732
72747
72749
72750
72761
72763
72771
72789
72814
72825
72827
72829
72832
72836
72851
72880
72881
72899
72911
72916
72920
72921
72933
72936
72938
72940
72947
72958
72969
72971
72981
72986
72992
73013
73019
73039
73046
73049
73083
73084
73088
73114
73123
73132
73141
73149
73160
73177
73181
73200
73202
73215
73233
73242
73244
73248
73253
73255
73257
73277
73286
73287
73297
73302
73315
73322
73324
73380
73387
73398
73405
73407
73448
73465
73496
73499
73502
73505
73529
73539
73549
73551
73561
73566
73585
73594
73615
73616
73618
73637
73641
73655
73666
73670
73674
73681
73685
73686
73698
73718
73720
73727
73747
73751
73754
73758
73760
73787
73794
73803
73809
73811
73823
73829
73838
73851
73855
73864
73892
73897
73907
73910
73925
73949
73952
73961
73972
73984
73990
73992
74020
74023
74032
74039
74046
74071
74079
74085
74106
74110
74111
74112
74114
74122
74134
74135
74148
74154
74163
74164
74184
74187
74213
74219
74229
74236
74242
74271
74272
74273
74274
74275
74301
74309
74314
74317
74322
74342
74351
74353
74373
74384
74387
74394
74422
74426
74428
74434
74438
74446
74450
74465
74467
74470
74477
74479
74483
74490
74501
74504
74505
74510
74517
74524
74525
74531
74535
74546
74550
74557
74562
74594
74599
74601
74606
74610
74620
74622
74623
74624
74632
74633
74637
74659
74679
74680
74701
74706
74710
74716
74718
74739
74740
74759
74770
74771
74788
74807
74808
74820
74831
74832
74839
74859
74865
74869
74880
74881
74884
74888
74890
74903
74906
74923
74937
74960
74966
74975
74982
74983
74984
74991
74993
75028
75045
75055
75075
75076
75088
75089
75100
75102
75108
75114
75124
75142
75170
75176
75178
75181
75192
75193
75213
75217
75218
75241
75261
75265
75269
75277
75300
75308
75309
75336
75348
75355
75363
75389
75398
75402
75403
75414
75416
75424
75430
75431
75434
75437
75451
75457
75460
75476
75491
75498
75507
75513
75518
75529
75532
75556
75577
75579
75600
75614
75621
75659
75664
75672
75685
75691
75703
75710
75723
75729
75730
75735
75750
75753
75766
75771
75775
75776
75779
75787
75795
75799
75812
75817
75821
75826
75840
75857
75859
75884
75889
75897
75905
75906
75916
75934
75937
75938
75949
75954
75960
75965
75971
75974
75983
75995
75996
76002
76004
76009
76012
76018
76026
76027
76065
76068
76097
76102
76118
76121
76127
76130
76133
76145
76176
76179
76184
76194
76202
76207
76216
76238
76245
76249
76250
76262
76281
76284
76286
76288
76313
76334
76347
76349
76363
76366
76375
76404
76436
76441
76442
76461
76463
76478
76482
76526
76541
76551
76571
76575
76593
76598
76603
76613
76619
76626
76660
76674
76689
76696
76700
76701
76729
76743
76757
76758
76760
76767
76768
76772
76801
76802
76804
76829
76844
76854
76864
76865
76868
76874
76882
76888
76905
76907
76913
76917
76931
76932
76954
76955
76956
76957
76960
76961
76976
76978
76983
76993
77003
77004
77005
77014
77022
77027
77041
77072
77079
77091
77098
77124
77128
77133
77146
77152
77156
77167
77169
77175
77177
77186
77216
77224
77235
77248
77251
77308
77313
77317
77338
77344
77354
77360
77381
77387
77393
77395
77397
77403
77410
77421
77429
77431
77511
77514
77515
77527
77537
77539
77541
77547
77557
77559
77560
77568
77569
77573
77582
77602
77605
77610
77621
77635
77647
77649
77651
77653
77658
77669
77676
77689
77715
77716
77718
77739
77742
77752
77757
77758
77775
77780
77795
77799
77800
77805
77834
77874
77875
77894
77896
77912
77917
77926
77929
77970
77975
78004
78007
78011
78017
78022
78032
78049
78066
78080
78110
78112
78127
78128
78130
78153
78189
78202
78203
78208
78217
78221
78224
78253
78268
78273
78280
78300
78314
78319
78320
78349
78350
78355
78359
78362
78367
78370
78379
78381
78393
78425
78445
78452
78480
78487
78527
78528
78554
78557
78574
78613
78620
78625
78627
78629
78639
78644
78653
78668
78669
78688
78700
78703
78721
78730
78734
78744
78748
78764
78773
78775
78781
78782
78783
78786
78809
78820
78840
78843
78855
78863
78866
78873
78874
78881
78892
78893
78897
78900
78903
78912
78934
78942
78958
78963
78965
78966
78975
78978
78992
79002
79014
79017
79021
79026
79028
79032
79036
79039
79062
79087
79088
79119
79137
79153
79160
79164
79177
79185
79202
79231
79237
79246
79261
79262
79268
79279
79280
79283
79288
79290
79295
79297
79301
79307
79314
79320
79324
79336
79340
79348
79378
79382
79391
79392
79396
79397
79418
79420
79422
79426
79440
79463
79466
79485
79496
79504
79508
79521
79529
79533
79539
79544
79553
79565
79584
79586
79589
79594
79607
79616
79625
79627
79628
79633
79637
79639
79641
79651
79654
79672
79675
79676
79678
79683
79694
79705
79712
79720
79729
79732
79735
79737
79740
79741
79745
79746
79748
79757
79763
79767
79779
79784
79788
79813
79826
79833
79840
79845
79856
79871
79884
79897
79899
79921
79934
79940
79957
79962
79963
79970
79979
79980
79989
79990
80000
80016
80025
80030
80045
80058
80063
80067
80075
80076
80097
80117
80124
80137
80143
80146
80150
80156
80165
80177
80179
80186
80190
80193
80199
80214
80215
80224
80230
80236
80238
80254
80257
80260
80263
80287
80293
80295
80315
80318
80322
80340
80342
80347
80357
80363
80364
80368
80391
80392
80397
80401
80404
80411
80414
80429
80433
80435
80437
80441
80454
80479
80496
80501
80514
80527
80534
80537
80538
80540
80566
80569
80576
80582
80602
80610
80611
80615
80618
80619
80626
80627
80650
80651
80654
80668
80676
80677
80688
80712
80739
80745
80751
80760
80761
80782
80783
80786
80802
80809
80820
80828
80836
80844
80847
80852
80853
80865
80866
80867
80876
80877
80886
80891
80915
80924
80929
80939
80942
80947
80950
80952
80955
80972
80974
80977
80981
80991
81011
81029
81033
81039
81070
81082
81086
81101
81103
81119
81122
81127
81134
81144
81153
81156
81168
81186
81193
81200
81201
81203
81207
81223
81227
81230
81243
81268
81270
81271
81275
81279
81301
81312
81321
81351
81359
81362
81363
81374
81376
81377
81389
81397
81400
81407
81408
81411
81430
81433
81434
81441
81443
81446
81474
81482
81487
81509
81512
81513
81515
81530
81537
81540
81548
81549
81559
81562
81566
81575
81576
81578
81580
81581
81589
81603
81631
81633
81657
81670
81671
81672
81673
81687
81688
81690
81697
81699
81711
81720
81725
81730
81734
81743
81755
81759
81764
81774
81783
81786
81797
81798
81803
81804
81807
81812
81818
81836
81859
81862
81876
81887
81908
81934
81938
81946
81949
81961
81977
81985
82003
82004
82011
82022
82035
82040
82060
82064
82076
82077
82101
82104
82118
82119
82124
82129
82131
82139
82152
82155
82170
82184
82188
82221
82222
82230
82241
82254
82262
82266
82270
82285
82294
82295
82296
82306
82308
82315
82323
82327
82329
82345
82350
82359
82368
82369
82378
82380
82408
82416
82422
82423
82424
82428
82449
82452
82454
82462
82476
82492
82523
82527
82532
82546
82548
82589
82595
82599
82601
82604
82636
82639
82644
82659
82664
82668
82678
82679
82684
82689
82694
82697
82705
82711
82716
82735
82753
82762
82772
82774
82784
82799
82809
82810
82823
82825
82856
82863
82868
82870
82873
82877
82880
82881
82886
82897
82904
82909
82915
82917
82919
82925
82929
82932
82937
82951
82969
82992
82994
83009
83017
83034
83040
83051
83057
83067
83070
83071
83072
83075
83077
83082
83094
83103
83107
83120
83122
83143
83145
83149
83157
83165
83185
83195
83202
83237
83248
83250
83256
83259
83261
83274
83292
83295
83302
83304
83325
83344
83362
83364
83380
83384
83388
83409
83415
83423
83430
83431
83435
83440
83444
83449
83458
83459
83484
83490
83494
83501
83558
83566
83568
83571
83575
83590
83598
83599
83628
83637
83645
83665
83670
83677
83683
83687
83700
83721
83723
83724
83734
83741
83745
83749
83752
83758
83760
83761
83767
83769
83774
83777
83783
83790
83792
83829
83839
83840
83852
83865
83871
83872
83890
83895
83926
83973
83976
83998
84028
84029
84030
84033
84038
84045
84052
84070
84079
84084
84092
84096
84101
84107
84118
84126
84127
84130
84140
84152
84159
84164
84165
84171
84190
84216
84222
84232
84237
84250
84256
84258
84261
84268
84276
84280
84281
84282
84286
84288
84293
84311
84313
84317
84325
84327
84330
84332
84334
84345
84360
84381
84382
84405
84409
84413
84415
84417
84437
84444
84460
84479
84483
84500
84504
84518
84520
84522
84524
84551
84560
84568
84575
84577
84589
84593
84601
84605
84608
84616
84624
84636
84638
84642
84646
84651
84652
84654
84661
84673
84679
84690
84695
84696
84704
84709
84718
84729
84731
84758
84781
84799
84802
84813
84815
84817
84821
84828
84837
84847
84852
84860
84868
84879
84885
84886
84888
84896
84897
84899
84906
84912
84922
84932
84941
84953
84966
84977
85000
85007
85034
85066
85067
85074
85077
85081
85084
85099
85141
85151
85168
85187
85190
85198
85203
85216
85228
85229
85232
85244
85250
85258
85263
85270
85282
85291
85315
85338
85353
85371
85374
85392
85403
85412
85416
85423
85435
85461
85463
85470
85477
85489
85502
85509
85515
85516
85517
85523
85548
85554
85565
85587
85593
85597
85615
85622
85636
85643
85652
85655
85656
85659
85668
85700
85702
85708
85720
85730
85764
85775
85784
85789
85798
85811
85815
85826
85834
85835
85850
85882
85887
85898
85900
85901
85922
85935
85940
85941
85954
85956
85963
85969
85979
85986
85994
86008
86019
86038
86074
86104
86117
86137
86155
86156
86171
86183
86194
86215
86224
86228
86251
86266
86278
86279
86283
86289
86295
86300
86305
86325
86330
86334
86338
86344
86345
86347
86348
86349
86353
86358
86374
86383
86392
86433
86437
86443
86444
86484
86498
86510
86525
86534
86535
86537
86540
86543
86544
86561
86565
86578
86580
86582
86597
86599
86609
86611
86612
86616
86621
86632
86635
86638
86648
86665
86668
86675
86680
86683
86704
86711
86713
86725
86730
86737
86757
86765
86766
86770
86787
86817
86823
86825
86831
86835
86838
86851
86859
86864
86867
86868
86870
86897
86906
86909
86922
86923
86925
86930
86966
86979
86985
87010
87015
87023
87041
87065
87066
87069
87074
87075
87077
87081
87090
87097
87098
87100
87106
87117
87128
87147
87166
87179
87215
87216
87225
87234
87237
87238
87247
87262
87265
87295
87296
87305
87307
87310
87334
87346
87350
87351
87355
87357
87359
87360
87420
87425
87428
87432
87443
87457
87458
87467
87476
87477
87484
87517
87542
87544
87547
87559
87564
87566
87568
87569
87570
87577
87582
87587
87592
87603
87608
87610
87612
87615
87616
87624
87638
87641
87642
87655
87657
87658
87661
87668
87672
87685
87687
87705
87717
87729
87731
87736
87763
87770
87782
87798
87799
87814
87815
87823
87824
87855
87861
87862
87890
87895
87898
87904
87920
87925
87926
87932
87943
87949
87965
87971
87997
88006
88009
88032
88040
88061
88062
88070
88072
88085
88094
88102
88110
88128
88144
88176
88184
88215
88216
88229
88236
88238
88257
88259
88275
88292
88294
88308
88326
88331
88344
88348
88352
88370
88374
88375
88382
88385
88395
88402
88410
88424
88425
88428
88436
88438
88442
88447
88449
88471
88476
88477
88483
88504
88515
88526
88530
88556
88561
88567
88571
88575
88576
88583
88591
88595
88603
88629
88634
88647
88648
88666
88684
88691
88695
88697
88698
88715
88722
88737
88742
88750
88758
88761
88777
88788
88802
88818
88825
88830
88833
88837
88839
88840
88841
88843
88853
88880
88886
88890
88909
88910
88919
88922
88925
88931
88933
88945
88952
88966
88979
88987
88992
89000
89006
89007
89012
89016
89036
89037
89045
89060
89061
89072
89084
89086
89087
89097
89104
89108
89110
89113
89121
89123
89145
89163
89185
89208
89212
89225
89236
89248
89254
89257
89260
89267
89273
89276
89285
89297
89311
89319
89320
89333
89337
89339
89354
89370
89376
89378
89390
89392
89399
89405
89412
89434
89441
89444
89451
89452
89470
89476
89485
89490
89501
89503
89506
89516
89519
89521
89530
89533
89546
89558
89579
89589
89598
89599
89601
89605
89609
89620
89630
89632
89639
89642
89648
89651
89658
89660
89662
89671
89676
89677
89685
89690
89706
89712
89714
89721
89723
89724
89727
89730
89737
89739
89750
89751
89782
89803
89804
89805
89813
89823
89837
89839
89843
89849
89867
89868
89877
89882
89885
89886
89887
89890
89917
89920
89928
89935
89944
89957
89958
89962
89975
90004
90005
90011
90012
90015
90021
90027
90029
90032
90042
90046
90048
90051
90061
90068
90069
90082
90093
90096
90104
90132
90143
90146
90159
90163
90169
90173
90176
90189
90193
90196
90206
90226
90241
90250
90262
90284
90285
90286
90289
90296
90317
90320
90343
90354
90361
90364
90374
90379
90384
90385
90426
90431
90433
90438
90448
90449
90455
90456
90466
90467
90472
90497
90506
90508
90515
90521
90529
90532
90538
90556
90575
90584
90590
90599
90611
90630
90650
90659
90665
90670
90678
90701
90705
90711
90722
90734
90739
90749
90760
90761
90766
90775
90783
90828
90838
90854
90878
90886
90890
90895
90897
90901
90918
90925
90926
90935
90937
90939
90968
90983
90986
90998
91001
91008
91014
91017
91027
91029
91038
91040
91044
91045
91048
91049
91053
91054
91055
91060
91077
91084
91088
91097
91102
91103
91113
91140
91141
91145
91153
91161
91177
91208
91213
91219
91220
91228
91231
91235
91241
91250
91259
91288
91289
91309
91313
91322
91324
91327
91331
91337
91338
91347
91364
91366
91390
91393
91397
91400
91405
91407
91412
91419
91420
91421
91425
91436
91446
91456
91462
91475
91476
91527
91532
91536
91560
91574
91576
91579
91583
91597
91601
91604
91620
91629
91635
91650
91656
91664
91666
91667
91668
91679
91694
91700
91710
91712
91735
91750
91764
91778
91783
91788
91795
91803
91807
91814
91816
91828
91845
91847
91854
91859
91861
91875
91883
91884
91885
91890
91894
91902
91903
91933
91949
91951
91955
91956
91957
91972
91995
92015
92023
92035
92045
92050
92059
92061
92070
92082
92084
92085
92086
92104
92105
92110
92112
92130
92142
92148
92150
92153
92163
92166
92170
92207
92210
92223
92231
92233
92240
92250
92255
92267
92276
92280
92282
92298
92302
92308
92311
92324
92327
92340
92344
92345
92364
92371
92379
92382
92392
92400
92406
92417
92433
92471
92488
92504
92506
92509
92510
92513
92514
92518
92522
92529
92531
92543
92553
92561
92574
92578
92589
92604
92612
92619
92625
92630
92636
92641
92648
92692
92708
92711
92716
92718
92719
92726
92727
92731
92745
92746
92747
92753
92767
92772
92796
92799
92800
92805
92838
92839
92842
92854
92861
92868
92875
92895
92900
92905
92910
92914
92917
92919
92922
92945
92958
92960
92970
92982
92990
92992
93005
93018
93033
93038
93039
93042
93054
93055
93061
93070
93072
93085
93090
93102
93110
93130
93140
93141
93144
93146
93160
93171
93194
93195
93197
93213
93214
93215
93222
93235
93240
93247
93252
93262
93283
93287
93296
93310
93316
93321
93326
93355
93371
93374
93377
93380
93381
93411
93412
93437
93443
93447
93448
93451
93453
93463
93477
93503
93508
93527
93549
93581
93585
93595
93598
93606
93623
93626
93631
93645
93657
93660
93668
93676
93678
93686
93699
93702
93707
93711
93734
93735
93759
93769
93771
93778
93783
93794
93796
93817
93820
93836
93838
93840
93844
93847
93856
93868
93872
93876
93885
93893
93910
93912
93917
93950
93957
93961
93969
93970
93975
93984
93985
93989
93992
94005
94009
94011
94023
94036
94050
94086
94088
94096
94099
94117
94130
94139
94168
94177
94194
94217
94219
94231
94243
94250
94262
94268
94306
94318
94338
94368
94371
94381
94388
94391
94403
94409
94419
94427
94428
94441
94446
94458
94473
94475
94479
94488
94498
94504
94512
94526
94527
94552
94577
94589
94591
94592
94594
94622
94636
94637
94640
94642
94649
94652
94660
94663
94678
94687
94689
94703
94727
94746
94749
94764
94767
94781
94793
94795
94799
94800
94806
94822
94830
94831
94844
94846
94848
94852
94860
94868
94894
94911
94926
94929
94930
94938
94941
94942
94963
94965
94967
94972
94991
94998
95006
95027
95028
95055
95066
95090
95096
95124
95132
95133
95137
95140
95141
95144
95156
95158
95169
95171
95175
95176
95177
95185
95186
95196
95204
95212
95225
95234
95235
95249
95260
95273
95274
95284
95286
95287
95291
95298
95304
95307
95313
95315
95320
95336
95353
95369
95393
95401
95411
95417
95422
95431
95440
95441
95462
95465
95475
95491
95532
95545
95563
95574
95583
95586
95603
95604
95610
95645
95654
95656
95666
95675
95676
95691
95694
95710
95714
95719
95726
95729
95741
95751
95756
95779
95805
95806
95813
95817
95826
95871
95898
95899
95924
95925
95926
95937
95939
95945
95952
95979
95991
95994
96005
96007
96039
96043
96055
96061
96062
96069
96071
96072
96075
96082
96096
96125
96131
96147
96167
96180
96187
96189
96190
96207
96230
96231
96242
96245
96249
96253
96257
96258
96273
96297
96310
96321
96322
96324
96335
96358
96369
96376
96405
96425
96426
96428
96435
96444
96469
96470
96487
96504
96505
96511
96515
96522
96523
96532
96555
96558
96560
96572
96585
96592
96600
96613
96617
96620
96631
96642
96661
96671
96684
96685
96709
96710
96719
96722
96723
96733
96737
96745
96747
96748
96751
96762
96770
96775
96783
96791
96816
96826
96833
96841
96859
96864
96865
96866
96869
96900
96907
96909
96942
96944
96954
96963
96964
96973
96978
96982
96988
97001
97002
97009
97010
97014
97019
97042
97048
97056
97061
97064
97070
97077
97081
97082
97088
97094
97111
97123
97130
97136
97139
97147
97149
97159
97162
97175
97178
97185
97216
97222
97233
97241
97246
97268
97290
97292
97315
97316
97321
97328
97356
97367
97369
97380
97381
97382
97394
97396
97409
97418
97422
97447
97471
97472
97480
97484
97496
97504
97521
97523
97526
97527
97528
97533
97535
97539
97550
97569
97574
97580
97581
97584
97587
97599
97600
97614
97620
97632
97635
97643
97680
97692
97693
97709
97716
97738
97754
97755
97767
97774
97788
97795
97801
97811
97812
97831
97836
97864
97865
97870
97897
97903
97909
97928
97947
97952
97958
97959
97975
97989
98039
98051
98064
98069
98072
98093
98094
98110
98125
98153
98154
98177
98190
98202
98207
98231
98252
98254
98260
98264
98267
98280
98308
98312
98317
98328
98340
98362
98376
98418
98423
98426
98433
98441
98443
98457
98467
98471
98472
98483
98489
98492
98496
98501
98515
98553
98558
98569
98597
98599
98601
98632
98637
98683
98693
98695
98706
98715
98717
98721
98742
98751
98755
98758
98762
98822
98839
98842
98848
98865
98869
98877
98891
98905
98917
98947
98959
98962
98977
98978
98981
98993
98994
99000
99003
99012
99030
99038
99049
99054
99055
99057
99102
99112
99113
99118
99124
99126
99129
99130
99144
99148
99154
99156
99161
99162
99166
99172
99175
99194
99201
99202
99217
99221
99222
99224
99252
99253
99265
99273
99279
99283
99285
99293
99296
99303
99318
99325
99328
99335
99337
99338
99340
99347
99350
99358
99364
99367
99385
99407
99408
99426
99451
99452
99453
99460
99463
99464
99492
99507
99508
99513
99533
99545
99547
99550
99560
99566
99567
99572
99582
99583
99612
99619
99641
99645
99647
99648
99674
99697
99704
99712
99718
99719
99753
99756
99786
99792
99796
99828
99852
99854
99871
99889
99890
99919
99924
99927
99929
99950
99975
99989
99993
99994
99997
