1
5
17
27
47
59
67
72
86
87
89
92
101
122
132
137
139
146
150
158
170
172
182
184
185
205
210
232
236
240
241
253
265
276
287
328
334
337
346
348
349
350
372
427
429
439
447
452
474
478
481
483
485
488
494
500
510
516
517
519
528
539
540
549
553
561
564
597
605
606
611
623
626
643
666
681
688
702
704
713
721
728
751
753
763
766
770
779
793
794
802
807
819
846
857
867
873
899
906
913
915
920
925
931
938
942
955
956
965
983
985
987
1000
1017
1029
1032
1039
1047
1056
1077
1079
1081
1095
1098
1118
1128
1136
1144
1199
1202
1218
1230
1232
1237
1243
1250
1264
1266
1275
1288
1293
1299
1300
1323
1343
1347
1351
1353
1354
1358
1373
1379
1381
1394
1396
1401
1407
1415
1417
1418
1420
1427
1431
1433
1436
1451
1453
1458
1459
1471
1478
1491
1522
1532
1535
1543
1545
1551
1555
1564
1594
1602
1607
1612
1621
1662
1663
1669
1688
1719
1726
1728
1763
1771
1782
1808
1811
1842
1844
1846
1860
1865
1869
1892
1908
1914
1916
1917
1926
1937
1948
1966
1975
2000
2005
2017
2018
2022
2025
2043
2049
2067
2074
2077
2084
2094
2096
2120
2140
2152
2195
2220
2234
2236
2241
2242
2248
2263
2266
2274
2286
2289
2291
2295
2310
2322
2324
2325
2328
2334
2354
2363
2366
2380
2381
2404
2440
2449
2482
2494
2498
2500
2505
2534
2558
2583
2600
2622
2628
2630
2647
2648
2649
2662
2671
2672
2674
2675
2680
2684
2701
2710
2718
2736
2758
2764
2773
2776
2785
2812
2821
2831
2854
2872
2875
2879
2880
2883
2892
2897
2903
2911
2918
2926
2930
2956
2969
2972
2982
2985
2988
2990
2991
2995
2998
3000
3003
3011
3031
3032
3037
3049
3051
3056
3067
3069
3070
3093
3095
3118
3133
3136
3137
3141
3156
3162
3170
3187
3188
3225
3227
3235
3241
3279
3282
3289
3301
3304
3306
3314
3316
3318
3353
3380
3382
3389
3403
3416
3417
3424
3428
3430
3445
3465
3468
3474
3481
3483
3495
3506
3510
3513
3521
3522
3528
3533
3557
3558
3573
3577
3583
3609
3631
3639
3644
3645
3647
3652
3655
3657
3659
3661
3662
3667
3668
3672
3675
3686
3693
3699
3704
3720
3722
3725
3730
3753
3758
3762
3769
3780
3788
3789
3804
3812
3814
3822
3826
3830
3835
3839
3845
3856
3889
3898
3900
3911
3912
3933
3946
3950
3956
3970
3977
3978
3984
3995
4015
4016
4035
4036
4039
4045
4047
4057
4058
4062
4076
4084
4089
4091
4093
4099
4106
4119
4120
4133
4134
4136
4143
4145
4146
4161
4171
4181
4183
4196
4216
4242
4243
4247
4251
4268
4298
4329
4331
4332
4335
4342
4347
4359
4361
4370
4380
4390
4398
4400
4417
4421
4426
4427
4436
4441
4449
4473
4480
4491
4500
4504
4510
4516
4524
4527
4533
4550
4562
4569
4580
4584
4589
4597
4600
4601
4607
4610
4614
4618
4624
4629
4643
4656
4657
4663
4664
4680
4698
4699
4700
4709
4718
4719
4720
4727
4788
4791
4800
4805
4813
4816
4817
4818
4820
4865
4885
4887
4894
4896
4898
4901
4907
4931
4946
4947
4957
4962
4968
4985
4987
4988
5001
5011
5016
5023
5035
5046
5047
5053
5081
5088
5099
5101
5103
5117
5118
5139
5150
5151
5153
5154
5155
5172
5189
5209
5213
5238
5255
5290
5300
5301
5313
5317
5329
5331
5341
5358
5362
5376
5383
5388
5398
5399
5423
5429
5432
5433
5434
5449
5458
5468
5482
5485
5495
5512
5514
5519
5520
5523
5528
5537
5539
5543
5551
5572
5580
5586
5587
5592
5599
5628
5649
5650
5657
5662
5665
5669
5674
5690
5695
5697
5702
5704
5717
5720
5730
5735
5739
5747
5766
5783
5787
5793
5804
5810
5815
5820
5829
5831
5837
5857
5859
5865
5871
5875
5886
5889
5915
5922
5928
5935
5940
5957
5958
5962
5969
5970
6002
6038
6047
6049
6073
6091
6100
6109
6122
6142
6171
6172
6178
6190
6203
6206
6210
6217
6220
6224
6225
6231
6251
6255
6280
6284
6286
6303
6306
6317
6348
6350
6351
6372
6383
6384
6385
6397
6410
6411
6419
6424
6433
6444
6446
6450
6451
6455
6464
6465
6468
6474
6482
6485
6486
6487
6500
6507
6512
6519
6521
6523
6524
6534
6538
6548
6569
6571
6575
6579
6592
6600
6604
6605
6622
6636
6647
6653
6656
6663
6666
6699
6706
6711
6714
6728
6731
6734
6758
6794
6817
6828
6851
6853
6863
6877
6879
6897
6902
6904
6911
6912
6933
6936
6945
6958
6971
6972
6990
6994
7002
7012
7016
7025
7037
7041
7056
7059
7063
7066
7090
7091
7095
7098
7102
7109
7120
7128
7135
7136
7137
7149
7156
7159
7167
7188
7192
7194
7197
7217
7229
7241
7246
7257
7265
7293
7324
7330
7333
7337
7344
7350
7352
7366
7377
7384
7394
7409
7417
7423
7428
7465
7469
7470
7480
7486
7489
7496
7509
7520
7523
7525
7528
7529
7535
7538
7539
7562
7565
7567
7570
7576
7580
7585
7603
7604
7615
7620
7624
7629
7633
7637
7642
7657
7684
7696
7698
7700
7707
7726
7730
7731
7732
7733
7734
7737
7747
7748
7763
7770
7777
7778
7784
7794
7798
7804
7830
7838
7850
7854
7858
7868
7888
7900
7903
7910
7922
7941
7975
7977
7984
7986
7997
8005
8014
8015
8024
8031
8032
8040
8068
8075
8088
8104
8115
8137
8153
8159
8160
8171
8178
8180
8190
8198
8210
8215
8222
8239
8250
8257
8264
8272
8275
8282
8292
8306
8313
8320
8339
8349
8353
8364
8367
8373
8402
8409
8416
8423
8425
8427
8438
8441
8443
8450
8457
8476
8480
8494
8522
8529
8551
8554
8555
8558
8566
8571
8572
8578
8607
8613
8626
8639
8652
8687
8690
8696
8700
8744
8754
8767
8786
8790
8793
8797
8804
8810
8818
8828
8831
8835
8842
8851
8859
8860
8863
8875
8906
8907
8908
8913
8917
8921
8943
8947
8956
8960
8964
8967
8968
8975
8978
8985
8986
8988
8996
9008
9010
9012
9017
9020
9033
9042
9049
9072
9084
9115
9120
9121
9136
9139
9146
9148
9150
9151
9160
9168
9185
9219
9221
9227
9245
9249
9261
9280
9282
9293
9306
9310
9315
9361
9364
9374
9376
9379
9389
9390
9394
9396
9405
9416
9423
9431
9436
9466
9496
9504
9507
9516
9520
9523
9524
9541
9544
9562
9567
9569
9597
9612
9625
9658
9665
9680
9681
9693
9710
9717
9720
9723
9726
9740
9745
9749
9769
9805
9806
9808
9815
9823
9828
9848
9849
9855
9856
9866
9867
9889
9890
9901
9904
9910
9924
9927
9940
9944
9955
9958
9985
9992
10001
10006
10012
10027
10044
10064
10078
10079
10087
10104
10108
10115
10119
10136
10150
10154
10157
10161
10167
10181
10195
10199
10204
10208
10232
10235
10244
10247
10258
10274
10287
10300
10308
10311
10317
10349
10352
10357
10369
10370
10374
10376
10408
10416
10419
10424
10429
10431
10439
10440
10462
10464
10473
10474
10479
10501
10507
10509
10510
10520
10522
10525
10542
10547
10559
10563
10567
10573
10575
10576
10578
10586
10587
10592
10613
10617
10623
10625
10636
10642
10643
10646
10652
10660
10669
10670
10686
10690
10695
10702
10724
10728
10729
10741
10749
10763
10772
10773
10793
10803
10812
10823
10828
10829
10830
10839
10840
10848
10849
10864
10887
10927
10935
10941
10961
11000
11008
11034
11066
11070
11096
11112
11142
11160
11166
11174
11184
11199
11209
11228
11231
11234
11235
11248
11258
11277
11278
11281
11297
11305
11318
11328
11354
11372
11390
11397
11412
11424
11427
11450
11459
11471
11475
11476
11477
11479
11483
11492
11502
11511
11512
11521
11524
11535
11544
11569
11570
11573
11575
11589
11604
11613
11614
11620
11622
11626
11640
11655
11669
11680
11686
11693
11703
11709
11710
11720
11740
11745
11759
11761
11766
11778
11781
11794
11796
11797
11837
11844
11849
11866
11880
11886
11892
11921
11932
11940
11942
11943
11950
11966
11981
12014
12017
12060
12065
12069
12070
12079
12085
12086
12087
12100
12112
12115
12119
12127
12132
12133
12136
12137
12147
12154
12164
12175
12179
12190
12209
12221
12227
12228
12235
12238
12242
12253
12259
12269
12276
12282
12284
12299
12303
12306
12327
12338
12358
12396
12410
12415
12425
12434
12450
12460
12468
12474
12480
12483
12486
12490
12493
12503
12504
12521
12526
12529
12530
12552
12570
12573
12582
12591
12592
12593
12611
12620
12633
12635
12641
12645
12659
12663
12683
12684
12685
12690
12718
12719
12720
12731
12739
12759
12772
12782
12786
12787
12802
12804
12818
12819
12821
12826
12829
12834
12839
12859
12865
12866
12868
12877
12884
12886
12897
12909
12922
12929
12933
12934
12939
12942
12944
12948
12956
12959
12996
12998
13004
13006
13007
13011
13016
13019
13025
13031
13073
13085
13087
13118
13127
13144
13151
13155
13160
13165
13166
13173
13184
13187
13212
13214
13224
13235
13245
13247
13248
13255
13256
13259
13261
13262
13263
13264
13269
13274
13275
13288
13291
13296
13305
13322
13361
13364
13366
13374
13379
13384
13392
13394
13398
13404
13405
13434
13446
13447
13454
13458
13470
13481
13502
13514
13548
13555
13566
13591
13595
13602
13615
13616
13630
13636
13643
13655
13657
13661
13703
13707
13713
13726
13738
13744
13748
13755
13762
13778
13779
13802
13808
13844
13852
13871
13880
13899
13911
13927
13928
13943
13953
13954
13988
13989
13999
14013
14019
14033
14041
14044
14050
14056
14057
14060
14095
14112
14121
14139
14142
14160
14162
14171
14176
14196
14203
14207
14218
14223
14226
14231
14233
14240
14243
14279
14281
14282
14285
14288
14294
14297
14298
14308
14313
14317
14332
14352
14359
14371
14372
14382
14385
14387
14407
14411
14418
14424
14433
14457
14460
14464
14468
14472
14474
14501
14505
14506
14509
14523
14526
14528
14531
14537
14541
14555
14567
14573
14606
14623
14624
14625
14629
14633
14636
14680
14689
14694
14713
14726
14727
14731
14760
14768
14771
14778
14790
14802
14812
14816
14817
14821
14840
14844
14856
14858
14883
14900
14904
14910
14911
14922
14928
14931
14940
14952
14957
14968
14975
14987
14993
15012
15016
15023
15037
15040
15043
15046
15054
15060
15073
15084
15086
15094
15111
15123
15126
15131
15138
15141
15178
15182
15190
15197
15199
15212
15221
15223
15226
15227
15230
15238
15262
15279
15290
15292
15293
15303
15310
15313
15320
15324
15331
15335
15339
15351
15360
15367
15370
15371
15392
15398
15403
15405
15410
15424
15429
15466
15472
15487
15490
15492
15520
15521
15531
15533
15545
15548
15566
15581
15583
15600
15609
15619
15623
15659
15665
15671
15680
15726
15748
15763
15766
15775
15779
15785
15799
15803
15830
15839
15846
15873
15876
15878
15889
15898
15900
15901
15906
15910
15911
15941
15956
15958
15962
15982
15985
15989
16008
16009
16010
16016
16030
16048
16065
16070
16092
16095
16097
16099
16116
16118
16122
16143
16148
16152
16155
16165
16173
16176
16205
16209
16211
16219
16227
16231
16237
16242
16251
16254
16265
16287
16298
16303
16315
16335
16336
16341
16362
16363
16364
16384
16387
16391
16402
16404
16406
16417
16418
16420
16424
16429
16444
16454
16459
16463
16479
16489
16492
16498
16503
16509
16513
16533
16534
16537
16550
16558
16565
16568
16574
16580
16597
16617
16633
16670
16680
16699
16707
16712
16719
16762
16770
16772
16784
16791
16792
16794
16796
16804
16817
16818
16820
16832
16833
16847
16863
16866
16875
16876
16880
16883
16884
16887
16891
16895
16902
16916
16933
16947
16949
16952
16954
16961
16964
16981
16983
16990
16999
17003
17007
17025
17027
17034
17041
17046
17055
17080
17081
17090
17095
17135
17144
17167
17181
17186
17195
17208
17238
17246
17253
17259
17285
17290
17304
17305
17315
17320
17325
17342
17355
17357
17361
17362
17372
17379
17391
17397
17401
17403
17411
17414
17420
17424
17437
17452
17454
17460
17468
17491
17499
17534
17540
17542
17543
17555
17556
17558
17573
17591
17605
17611
17620
17628
17643
17669
17696
17700
17703
17706
17712
17713
17719
17726
17727
17735
17736
17745
17764
17771
17781
17785
17788
17809
17819
17824
17836
17839
17844
17851
17854
17855
17911
17922
17935
17940
17944
17955
17969
17972
17982
17993
17994
18015
18031
18033
18068
18072
18078
18091
18096
18119
18123
18134
18142
18163
18166
18177
18180
18189
18203
18204
18211
18212
18233
18239
18243
18256
18260
18268
18274
18278
18279
18280
18282
18286
18298
18302
18307
18312
18328
18339
18340
18360
18368
18396
18399
18403
18409
18420
18422
18423
18427
18444
18453
18465
18471
18475
18488
18491
18503
18512
18521
18533
18545
18554
18582
18595
18596
18607
18624
18631
18632
18637
18646
18660
18674
18679
18686
18690
18694
18697
18703
18727
18750
18751
18765
18768
18778
18780
18790
18794
18801
18816
18845
18849
18859
18863
18865
18867
18874
18883
18884
18885
18888
18921
18924
18930
18931
18942
18945
18973
18984
18986
18994
19005
19031
19033
19035
19039
19043
19050
19052
19059
19063
19076
19080
19097
19101
19117
19139
19145
19146
19155
19169
19179
19180
19187
19192
19196
19197
19212
19217
19223
19229
19257
19275
19340
19343
19351
19354
19356
19368
19375
19377
19415
19426
19435
19441
19452
19458
19469
19484
19488
19490
19498
19507
19514
19522
19524
19526
19572
19575
19583
19586
19599
19609
19616
19635
19639
19648
19655
19657
19666
19671
19699
19701
19708
19717
19728
19732
19733
19742
19751
19774
19786
19787
19812
19826
19828
19845
19847
19848
19864
19875
19880
19882
19891
19907
19928
19945
19952
19953
19971
19980
19993
20014
20016
20021
20038
20044
20045
20049
20056
20080
20083
20088
20093
20126
20128
20135
20143
20148
20152
20154
20166
20173
20176
20185
20190
20195
20214
20216
20239
20240
20263
20270
20282
20289
20304
20309
20310
20312
20316
20332
20367
20375
20377
20379
20381
20388
20391
20409
20415
20427
20437
20441
20444
20450
20465
20485
20495
20505
20510
20542
20543
20549
20574
20586
20594
20601
20612
20640
20647
20668
20673
20676
20685
20689
20707
20708
20711
20712
20714
20717
20718
20730
20735
20737
20770
20775
20781
20782
20784
20791
20793
20827
20832
20842
20858
20871
20894
20896
20899
20902
20934
20937
20938
20940
20957
20959
20963
20973
20999
21001
21008
21021
21030
21036
21040
21050
21052
21057
21058
21059
21069
21074
21075
21085
21086
21091
21095
21102
21103
21107
21116
21121
21133
21150
21152
21164
21167
21172
21175
21182
21189
21191
21210
21228
21239
21244
21260
21275
21289
21293
21294
21300
21305
21318
21326
21341
21347
21360
21375
21380
21385
21398
21412
21414
21417
21420
21425
21439
21442
21454
21467
21481
21484
21487
21537
21543
21547
21577
21589
21600
21627
21634
21637
21644
21668
21669
21682
21683
21692
21701
21706
21713
21734
21739
21755
21758
21765
21767
21772
21783
21790
21796
21815
21816
21838
21844
21847
21871
21889
21926
21936
21948
21951
21956
21976
21986
22001
22005
22017
22018
22022
22023
22037
22052
22056
22063
22080
22084
22086
22095
22102
22110
22117
22124
22126
22137
22143
22169
22185
22187
22192
22195
22199
22208
22209
22226
22257
22276
22278
22285
22291
22313
22314
22341
22350
22381
22384
22386
22398
22400
22412
22418
22440
22442
22454
22461
22468
22471
22486
22494
22515
22527
22541
22571
22581
22605
22607
22618
22627
22630
22652
22660
22672
22693
22695
22706
22709
22714
22721
22724
22736
22742
22749
22753
22754
22759
22761
22762
22777
22782
22796
22797
22802
22807
22815
22818
22823
22830
22843
22846
22860
22870
22872
22873
22874
22882
22889
22892
22923
22931
22933
22943
22965
22999
23009
23010
23019
23040
23057
23068
23070
23071
23072
23084
23091
23094
23110
23131
23142
23147
23149
23175
23194
23203
23206
23209
23218
23223
23228
23241
23247
23253
23258
23259
23262
23281
23300
23302
23305
23324
23364
23366
23408
23421
23426
23435
23450
23454
23471
23479
23488
23495
23499
23501
23507
23512
23520
23529
23535
23551
23583
23584
23598
23602
23603
23612
23620
23655
23666
23672
23678
23682
23693
23694
23710
23730
23736
23746
23753
23757
23771
23772
23780
23804
23805
23817
23822
23827
23830
23833
23843
23845
23855
23864
23868
23871
23873
23882
23885
23889
23897
23959
23971
23975
23976
23989
24010
24032
24042
24043
24045
24065
24091
24098
24106
24142
24147
24148
24150
24156
24168
24169
24175
24195
24221
24233
24245
24252
24266
24272
24274
24301
24307
24320
24325
24334
24345
24364
24373
24385
24390
24394
24403
24412
24421
24436
24458
24465
24477
24503
24504
24517
24526
24541
24554
24560
24594
24601
24604
24606
24608
24611
24616
24619
24627
24630
24632
24658
24667
24680
24686
24690
24704
24715
24723
24728
24748
24754
24766
24771
24782
24792
24796
24800
24817
24820
24824
24848
24861
24864
24866
24868
24904
24907
24909
24913
24934
24941
24943
24953
24961
24987
24996
25017
25029
25032
25093
25098
25102
25104
25105
25113
25117
25119
25127
25171
25174
25177
25214
25264
25288
25306
25316
25326
25327
25337
25344
25351
25354
25366
25375
25376
25386
25387
25391
25395
25401
25404
25416
25424
25428
25432
25434
25439
25450
25457
25467
25487
25510
25517
25522
25539
25540
25562
25567
25572
25575
25576
25582
25585
25608
25622
25635
25652
25654
25655
25667
25674
25677
25690
25692
25696
25704
25706
25710
25712
25727
25737
25758
25760
25771
25778
25792
25794
25796
25803
25804
25846
25856
25857
25860
25865
25870
25881
25891
25893
25903
25911
25929
25937
25940
25946
25947
25953
25961
25962
25976
25986
25993
25994
26012
26023
26038
26041
26043
26050
26065
26088
26093
26095
26109
26120
26121
26135
26137
26138
26151
26157
26158
26161
26181
26188
26189
26203
26204
26208
26219
26226
26238
26259
26271
26283
26291
26309
26318
26324
26342
26361
26362
26375
26383
26385
26386
26396
26399
26414
26430
26432
26440
26452
26461
26471
26476
26502
26508
26510
26516
26518
26521
26523
26533
26534
26536
26541
26545
26550
26557
26570
26574
26582
26585
26586
26588
26593
26628
26631
26634
26654
26658
26685
26687
26692
26693
26702
26711
26721
26730
26731
26755
26759
26764
26784
26790
26809
26829
26847
26852
26868
26871
26893
26917
26922
26935
26937
26950
26953
26959
26963
26978
26981
26996
27009
27018
27022
27037
27059
27064
27098
27109
27110
27112
27116
27117
27120
27141
27145
27162
27164
27174
27176
27178
27189
27192
27193
27195
27196
27211
27216
27217
27230
27234
27239
27263
27271
27290
27299
27354
27394
27399
27418
27440
27442
27444
27445
27453
27465
27472
27480
27482
27491
27507
27512
27516
27525
27534
27540
27541
27542
27557
27562
27580
27581
27583
27617
27619
27621
27623
27624
27625
27638
27647
27652
27674
27688
27699
27709
27715
27727
27730
27739
27750
27753
27758
27783
27784
27797
27810
27812
27821
27824
27834
27851
27853
27875
27878
27882
27887
27898
27902
27909
27911
27919
27920
27933
27945
27948
27954
27976
27982
27996
28003
28006
28030
28048
28056
28066
28070
28097
28122
28131
28143
28154
28161
28167
28175
28185
28191
28197
28200
28218
28231
28237
28238
28245
28246
28249
28261
28263
28268
28269
28270
28280
28282
28298
28303
28313
28320
28328
28334
28339
28351
28364
28368
28399
28402
28404
28417
28431
28440
28448
28452
28463
28464
28520
28522
28530
28541
28543
28549
28551
28564
28575
28586
28587
28598
28604
28628
28637
28658
28665
28674
28706
28707
28719
28724
28752
28753
28763
28791
28810
28816
28820
28822
28831
28848
28850
28852
28853
28870
28880
28883
28888
28906
28924
28930
28931
28939
28940
28942
28948
28949
28964
28968
28969
28970
28971
28973
28977
28980
28992
29021
29027
29031
29035
29047
29049
29051
29060
29077
29080
29084
29095
29099
29107
29108
29109
29119
29127
29131
29140
29149
29155
29162
29176
29178
29202
29211
29226
29230
29249
29260
29271
29278
29295
29309
29310
29316
29329
29343
29348
29371
29372
29382
29392
29393
29397
29400
29401
29411
29413
29414
29418
29419
29424
29427
29428
29435
29447
29458
29459
29485
29506
29507
29510
29512
29533
29535
29548
29566
29569
29578
29580
29581
29594
29599
29607
29629
29647
29648
29650
29654
29658
29664
29676
29685
29690
29710
29712
29715
29723
29727
29740
29746
29756
29759
29775
29776
29780
29791
29818
29870
29881
29890
29896
29903
29907
29910
29912
29919
29923
29945
29950
29958
29977
29982
29986
30002
30005
30007
30008
30015
30021
30027
30030
30031
30033
30040
30057
30062
30071
30087
30095
30096
30098
30108
30115
30126
30149
30161
30174
30182
30185
30187
30199
30200
30202
30265
30268
30270
30289
30292
30300
30308
30310
30321
30325
30331
30337
30343
30354
30355
30360
30366
30367
30388
30397
30407
30414
30416
30425
30427
30435
30441
30445
30447
30450
30464
30476
30477
30484
30491
30525
30530
30536
30541
30545
30550
30565
30567
30569
30579
30590
30592
30595
30597
30601
30603
30605
30606
30614
30616
30628
30629
30631
30634
30635
30651
30667
30677
30685
30687
30697
30703
30711
30732
30740
30743
30763
30765
30772
30775
30783
30784
30786
30802
30809
30816
30817
30820
30822
30847
30876
30878
30879
30880
30881
30896
30899
30902
30915
30939
30967
30980
30995
31001
31013
31017
31020
31025
31032
31034
31040
31065
31079
31084
31101
31139
31141
31142
31147
31161
31162
31180
31181
31182
31194
31196
31205
31220
31222
31230
31231
31237
31242
31243
31246
31255
31258
31265
31267
31271
31275
31285
31330
31337
31343
31354
31367
31375
31386
31388
31396
31405
31410
31413
31417
31420
31457
31484
31538
31550
31551
31553
31554
31557
31558
31570
31588
31591
31626
31634
31638
31650
31651
31654
31655
31662
31673
31675
31679
31681
31690
31698
31708
31728
31753
31770
31786
31789
31825
31827
31875
31876
31889
31901
31919
31924
31925
31938
31951
31964
31979
31982
31993
32012
32026
32030
32045
32048
32057
32062
32070
32071
32074
32076
32080
32089
32091
32094
32096
32104
32111
32130
32137
32145
32147
32156
32161
32164
32166
32168
32171
32192
32198
32201
32202
32208
32211
32223
32238
32243
32252
32269
32276
32295
32327
32328
32338
32343
32358
32363
32370
32378
32401
32403
32407
32408
32415
32420
32425
32444
32454
32455
32471
32473
32482
32486
32494
32524
32528
32536
32541
32563
32577
32602
32618
32648
32650
32661
32674
32689
32710
32713
32720
32737
32770
32789
32805
32828
32841
32848
32860
32863
32866
32872
32874
32880
32882
32883
32884
32889
32905
32912
32915
32916
32918
32926
32928
32943
32953
32965
32968
32975
32976
32981
32982
33005
33006
33007
33010
33027
33038
33048
33055
33062
33070
33084
33088
33095
33099
33112
33121
33125
33139
33153
33157
33158
33163
33165
33169
33178
33180
33186
33188
33194
33205
33208
33214
33240
33242
33262
33278
33294
33303
33308
33313
33326
33333
33341
33345
33352
33354
33389
33417
33430
33436
33442
33444
33468
33488
33507
33523
33534
33545
33548
33582
33584
33600
33615
33616
33628
33631
33634
33643
33648
33651
33658
33671
33673
33729
33738
33746
33766
33768
33773
33776
33780
33805
33810
33822
33830
33836
33845
33890
33892
33919
33932
33938
33942
33961
33966
33992
34001
34008
34031
34033
34044
34050
34051
34076
34088
34095
34106
34111
34113
34117
34126
34135
34142
34150
34156
34157
34162
34172
34174
34191
34203
34204
34207
34214
34237
34240
34242
34249
34253
34256
34277
34301
34303
34313
34353
34354
34358
34363
34366
34368
34382
34389
34394
34396
34398
34400
34401
34428
34430
34432
34437
34463
34465
34469
34471
34493
34503
34530
34548
34549
34558
34574
34580
34588
34595
34615
34634
34638
34640
34645
34647
34668
34674
34681
34684
34705
34713
34719
34720
34728
34731
34742
34747
34781
34786
34799
34823
34832
34835
34840
34842
34858
34864
34876
34893
34906
34910
34918
34925
34932
34937
34941
34951
34967
34995
35002
35016
35020
35027
35038
35044
35056
35059
35061
35065
35079
35081
35107
35113
35120
35122
35131
35133
35141
35148
35152
35154
35177
35197
35199
35205
35206
35225
35233
35240
35253
35257
35259
35298
35331
35335
35342
35347
35357
35361
35368
35384
35389
35392
35408
35412
35414
35416
35422
35423
35425
35445
35462
35464
35480
35484
35489
35492
35505
35519
35522
35524
35529
35540
35550
35564
35566
35567
35575
35608
35613
35622
35632
35645
35658
35680
35707
35718
35730
35758
35759
35760
35761
35762
35773
35776
35783
35787
35799
35801
35808
35815
35819
35835
35838
35840
35842
35844
35857
35865
35868
35869
35878
35889
35893
35901
35927
35931
35955
35957
35965
35971
35983
35990
36034
36042
36046
36061
36064
36069
36083
36108
36115
36117
36125
36127
36129
36135
36144
36148
36149
36155
36176
36191
36224
36230
36243
36251
36260
36265
36268
36279
36280
36302
36312
36322
36327
36330
36337
36350
36353
36358
36377
36383
36391
36393
36396
36403
36415
36469
36475
36480
36481
36494
36521
36522
36527
36559
36565
36567
36568
36578
36585
36589
36594
36604
36608
36610
36617
36618
36639
36650
36659
36692
36696
36701
36703
36705
36721
36725
36728
36751
36762
36763
36764
36778
36780
36785
36795
36821
36831
36845
36849
36865
36913
36918
36937
36938
36941
36964
36966
36973
36974
36975
36987
36991
36992
36993
37013
37014
37015
37021
37025
37033
37051
37059
37067
37068
37077
37085
37103
37109
37110
37115
37126
37129
37131
37133
37135
37136
37164
37178
37195
37199
37201
37222
37238
37239
37252
37259
37262
37266
37276
37278
37280
37281
37284
37301
37311
37318
37327
37332
37338
37353
37356
37368
37372
37380
37382
37386
37402
37414
37418
37419
37424
37426
37431
37436
37472
37474
37502
37513
37528
37539
37540
37554
37558
37564
37565
37586
37593
37596
37607
37608
37612
37630
37632
37646
37651
37652
37654
37665
37669
37674
37687
37706
37714
37716
37724
37725
37734
37750
37755
37757
37771
37780
37781
37791
37793
37810
37818
37825
37826
37843
37845
37864
37868
37892
37896
37914
37927
37930
37940
37942
37950
37957
37965
37974
37988
37989
37996
37997
38004
38009
38016
38036
38044
38046
38062
38069
38087
38096
38099
38102
38104
38105
38112
38115
38119
38121
38128
38153
38168
38184
38188
38199
38209
38212
38214
38238
38241
38256
38268
38295
38301
38304
38306
38315
38321
38325
38337
38346
38347
38357
38360
38365
38369
38371
38376
38388
38399
38423
38424
38426
38427
38435
38437
38438
38472
38484
38500
38502
38508
38510
38522
38525
38527
38533
38586
38593
38602
38605
38613
38626
38629
38631
38635
38647
38658
38672
38674
38689
38690
38705
38721
38732
38741
38752
38771
38793
38804
38813
38825
38830
38880
38902
38903
38921
38934
38947
38953
38976
38978
38983
38988
38989
38992
38995
39011
39012
39078
39089
39095
39096
39143
39161
39184
39191
39195
39226
39230
39236
39240
39252
39255
39260
39272
39275
39299
39303
39305
39315
39319
39322
39325
39344
39349
39353
39360
39364
39366
39383
39387
39404
39407
39429
39435
39445
39449
39459
39474
39484
39497
39510
39526
39534
39553
39568
39583
39586
39593
39597
39605
39619
39622
39628
39629
39638
39653
39656
39657
39658
39662
39666
39689
39705
39737
39746
39753
39762
39772
39775
39799
39810
39811
39812
39816
39843
39850
39865
39889
39890
39915
39917
39935
39958
39976
39983
39989
40015
40016
40022
40023
40024
40025
40034
40037
40042
40050
40055
40066
40068
40087
40104
40120
40140
40141
40142
40156
40157
40167
40189
40195
40196
40224
40228
40229
40232
40236
40237
40238
40256
40266
40272
40275
40276
40290
40294
40295
40314
40319
40323
40332
40335
40337
40359
40386
40390
40393
40400
40401
40402
40403
40424
40430
40452
40462
40474
40481
40490
40500
40510
40511
40525
40534
40537
40546
40551
40557
40558
40576
40586
40596
40610
40635
40641
40644
40645
40658
40676
40677
40685
40702
40707
40715
40719
40721
40723
40729
40741
40743
40762
40766
40775
40778
40779
40787
40799
40813
40835
40852
40855
40859
40863
40918
40932
40941
40945
40946
40950
40962
40967
40969
40978
40982
41007
41018
41019
41025
41028
41038
41064
41075
41076
41077
41082
41085
41089
41132
41143
41156
41158
41161
41165
41166
41174
41188
41200
41203
41204
41219
41226
41227
41233
41242
41243
41279
41282
41284
41291
41303
41317
41319
41331
41349
41359
41372
41376
41378
41380
41397
41402
41405
41409
41416
41419
41434
41438
41469
41490
41494
41502
41508
41512
41535
41540
41542
41547
41575
41577
41580
41581
41618
41627
41630
41634
41674
41675
41681
41691
41720
41728
41731
41734
41735
41737
41741
41743
41744
41771
41783
41797
41811
41831
41833
41841
41844
41848
41855
41893
41907
41914
41922
41926
41930
41933
41934
41946
41956
41962
41964
42001
42006
42007
42008
42019
42020
42023
42024
42047
42053
42058
42062
42066
42073
42079
42080
42097
42098
42100
42104
42105
42109
42112
42114
42122
42123
42138
42144
42149
42166
42177
42185
42207
42213
42218
42230
42244
42254
42255
42257
42264
42269
42273
42278
42282
42289
42303
42341
42344
42351
42356
42360
42374
42395
42396
42406
42415
42419
42431
42433
42441
42465
42471
42500
42507
42512
42513
42518
42541
42543
42545
42562
42571
42578
42579
42590
42605
42627
42662
42667
42675
42690
42695
42706
42727
42744
42748
42749
42756
42757
42762
42767
42769
42774
42808
42825
42848
42865
42872
42873
42884
42892
42906
42908
42912
42916
42926
42927
42932
42937
42942
42945
42948
42967
42970
42977
42982
42999
43021
43057
43074
43077
43089
43091
43092
43100
43105
43115
43130
43139
43146
43150
43154
43163
43169
43178
43180
43185
43186
43188
43221
43233
43257
43258
43274
43282
43319
43326
43332
43340
43341
43346
43347
43357
43365
43368
43371
43380
43381
43391
43426
43430
43431
43440
43446
43447
43455
43481
43498
43499
43505
43519
43528
43529
43531
43544
43549
43552
43554
43568
43572
43577
43582
43590
43600
43602
43611
43617
43620
43627
43633
43634
43649
43657
43665
43667
43680
43683
43684
43712
43714
43718
43728
43740
43742
43764
43774
43789
43793
43807
43809
43815
43817
43820
43822
43826
43827
43829
43834
43851
43861
43870
43897
43907
43908
43915
43930
43949
43983
43990
43995
44004
44009
44014
44030
44033
44039
44049
44068
44069
44070
44117
44126
44143
44163
44176
44184
44198
44203
44208
44209
44214
44221
44223
44234
44239
44247
44250
44280
44288
44289
44292
44294
44307
44312
44321
44323
44365
44382
44391
44392
44411
44413
44435
44448
44456
44477
44478
44481
44485
44505
44510
44519
44524
44538
44540
44544
44560
44566
44572
44578
44585
44594
44600
44607
44614
44622
44630
44642
44645
44646
44655
44664
44669
44692
44696
44725
44730
44734
44752
44753
44764
44767
44774
44775
44776
44778
44780
44781
44789
44790
44791
44797
44803
44809
44824
44833
44841
44851
44883
44890
44893
44894
44907
44911
44926
44932
44938
44955
44959
44966
44975
44984
45004
45015
45016
45017
45031
45035
45044
45049
45053
45057
45063
45067
45085
45107
45113
45125
45131
45139
45143
45149
45168
45179
45180
45194
45196
45198
45199
45202
45213
45216
45218
45219
45229
45230
45240
45264
45284
45291
45301
45319
45320
45324
45348
45357
45358
45391
45395
45403
45417
45440
45444
45487
45488
45508
45518
45521
45531
45534
45547
45548
45563
45586
45589
45602
45616
45627
45634
45644
45674
45681
45699
45702
45713
45715
45720
45724
45727
45746
45750
45762
45763
45764
45765
45767
45776
45782
45788
45803
45814
45819
45845
45849
45869
45879
45898
45908
45916
45918
45929
45936
45941
45957
45962
45969
45972
45979
45996
45998
45999
46000
46004
46006
46011
46034
46048
46060
46063
46064
46074
46078
46090
46120
46126
46133
46135
46152
46154
46159
46166
46190
46192
46194
46198
46217
46232
46234
46251
46257
46260
46263
46264
46266
46268
46284
46291
46300
46345
46346
46348
46356
46363
46376
46384
46387
46403
46434
46437
46443
46445
46450
46455
46466
46472
46481
46489
46508
46516
46521
46525
46527
46528
46541
46555
46559
46569
46591
46610
46611
46614
46621
46634
46654
46673
46674
46683
46701
46707
46716
46725
46740
46743
46761
46767
46772
46777
46787
46790
46798
46804
46849
46855
46880
46891
46893
46894
46903
46904
46916
46920
46933
46942
46958
46961
46976
46982
47000
47012
47031
47042
47045
47053
47067
47069
47073
47089
47090
47093
47094
47108
47117
47123
47125
47131
47145
47150
47154
47169
47174
47175
47186
47189
47193
47203
47211
47213
47216
47230
47257
47265
47279
47290
47301
47306
47309
47329
47330
47333
47338
47361
47376
47383
47401
47409
47414
47425
47438
47455
47459
47460
47469
47485
47496
47500
47503
47517
47540
47546
47550
47551
47553
47555
47557
47561
47562
47579
47581
47600
47607
47609
47618
47626
47634
47639
47640
47652
47656
47660
47665
47677
47699
47710
47713
47715
47734
47752
47758
47759
47766
47767
47768
47771
47772
47774
47798
47800
47804
47819
47823
47830
47852
47860
47870
47872
47874
47907
47909
47912
47928
47929
47948
47956
47964
47967
47976
47979
47996
48008
48014
48016
48029
48035
48043
48044
48048
48071
48075
48080
48083
48085
48086
48093
48099
48113
48122
48138
48143
48152
48160
48164
48171
48180
48187
48188
48202
48212
48241
48244
48248
48281
48291
48292
48293
48305
48350
48371
48372
48377
48383
48388
48408
48411
48413
48415
48427
48429
48431
48434
48436
48437
48451
48477
48478
48492
48499
48500
48515
48530
48533
48534
48541
48545
48562
48565
48577
48578
48591
48602
48612
48620
48633
48641
48647
48652
48673
48675
48687
48696
48708
48709
48727
48743
48769
48772
48784
48785
48796
48797
48809
48841
48852
48856
48870
48871
48875
48885
48915
48917
48920
48921
48932
48935
48937
48941
48948
48956
48992
48993
49000
49010
49019
49039
49069
49079
49087
49094
49116
49121
49127
49135
49136
49139
49146
49156
49171
49192
49197
49200
49203
49226
49240
49241
49258
49274
49279
49285
49295
49300
49337
49345
49357
49372
49373
49374
49376
49378
49379
49414
49430
49431
49433
49452
49463
49486
49490
49497
49503
49516
49524
49525
49542
49558
49581
49587
49596
49611
49612
49616
49618
49634
49641
49645
49650
49677
49681
49689
49704
49714
49723
49726
49729
49737
49742
49743
49747
49768
49769
49794
49821
49865
49869
49885
49892
49902
49903
49904
49906
49907
49909
49911
49945
49972
49974
49995
50001
50005
50008
50011
50023
50054
50066
50070
50084
50087
50088
50091
50109
50124
50132
50163
50171
50175
50180
50222
50223
50224
50235
50242
50246
50261
50276
50281
50282
50283
50307
50318
50324
50360
50368
50400
50407
50457
50476
50500
50510
50523
50528
50529
50544
50580
50583
50587
50595
50597
50602
50605
50607
50621
50626
50627
50638
50641
50648
50657
50659
50661
50671
50672
50683
50685
50690
50691
50703
50710
50729
50741
50749
50760
50766
50767
50779
50791
50794
50808
50814
50817
50820
50829
50844
50863
50884
50888
50896
50898
50905
50920
50923
50935
50941
50951
50972
50986
50992
50996
51003
51007
51014
51022
51029
51065
51067
51089
51091
51092
51093
51099
51110
51122
51138
51158
51163
51168
51171
51179
51182
51200
51214
51217
51223
51224
51252
51268
51270
51284
51285
51288
51291
51292
51303
51313
51321
51336
51339
51346
51353
51358
51374
51375
51406
51408
51422
51426
51435
51437
51438
51445
51447
51453
51482
51488
51497
51503
51506
51511
51519
51536
51542
51568
51586
51591
51593
51598
51606
51609
51617
51618
51637
51642
51650
51667
51682
51688
51699
51702
51710
51714
51723
51740
51744
51748
51749
51757
51759
51762
51769
51786
51787
51792
51800
51801
51811
51813
51814
51819
51822
51831
51835
51842
51847
51865
51867
51873
51881
51883
51890
51894
51902
51911
51924
51925
51934
51942
51945
51965
51991
52015
52025
52030
52061
52066
52068
52082
52086
52091
52093
52096
52097
52100
52114
52115
52117
52120
52130
52132
52146
52157
52163
52180
52202
52208
52210
52222
52226
52229
52232
52258
52263
52264
52269
52279
52300
52307
52318
52324
52330
52333
52342
52346
52352
52356
52360
52365
52367
52376
52384
52390
52400
52404
52409
52414
52418
52432
52438
52454
52458
52475
52487
52498
52502
52534
52537
52553
52562
52583
52586
52588
52597
52615
52616
52619
52621
52633
52639
52647
52651
52656
52664
52666
52670
52690
52703
52704
52706
52739
52747
52761
52773
52789
52815
52816
52856
52905
52915
52932
52934
52937
52947
52953
52968
52978
52997
53005
53007
53016
53054
53064
53069
53088
53100
53101
53129
53133
53136
53149
53155
53161
53166
53168
53170
53205
53208
53219
53223
53229
53230
53257
53258
53264
53296
53297
53311
53312
53330
53331
53337
53358
53360
53362
53371
53379
53380
53384
53387
53389
53391
53393
53396
53407
53415
53419
53429
53434
53444
53456
53489
53497
53501
53511
53515
53534
53540
53552
53566
53578
53600
53623
53642
53648
53653
53655
53657
53683
53687
53696
53707
53717
53745
53748
53750
53754
53764
53789
53805
53810
53813
53816
53821
53831
53833
53835
53841
53851
53888
53889
53896
53904
53911
53923
53926
53942
53943
53946
53950
53957
53962
53963
53974
53981
53984
54001
54002
54015
54016
54022
54056
54092
54111
54121
54133
54137
54142
54144
54145
54146
54150
54171
54188
54197
54203
54224
54229
54243
54252
54265
54275
54293
54298
54304
54305
54314
54316
54329
54330
54335
54336
54338
54340
54359
54370
54371
54375
54415
54421
54422
54442
54462
54475
54478
54482
54483
54485
54495
54496
54497
54510
54513
54536
54550
54559
54560
54567
54610
54621
54626
54648
54651
54667
54688
54705
54710
54726
54732
54766
54767
54776
54781
54793
54813
54816
54825
54849
54868
54869
54881
54889
54891
54904
54920
54926
54927
54932
54949
54962
54983
55020
55025
55035
55047
55059
55064
55093
55097
55098
55116
55130
55138
55148
55162
55170
55171
55180
55192
55195
55206
55207
55210
55231
55233
55244
55245
55246
55249
55272
55274
55287
55310
55317
55319
55340
55343
55355
55356
55359
55389
55405
55408
55416
55453
55460
55464
55471
55486
55495
55508
55522
55536
55542
55546
55553
55574
55575
55592
55599
55600
55605
55615
55626
55630
55632
55637
55638
55643
55645
55667
55670
55671
55677
55686
55688
55691
55692
55695
55696
55715
55720
55722
55737
55742
55750
55756
55758
55770
55771
55794
55810
55827
55843
55846
55855
55862
55870
55879
55901
55931
55940
55942
55960
55961
55974
55980
55993
55998
56013
56015
56018
56031
56034
56037
56048
56057
56061
56062
56069
56071
56082
56083
56089
56093
56108
56110
56118
56119
56121
56122
56134
56136
56146
56171
56192
56196
56203
56208
56210
56212
56219
56271
56281
56300
56307
56308
56311
56318
56330
56360
56368
56370
56378
56382
56384
56391
56393
56395
56401
56403
56410
56432
56433
56435
56436
56437
56455
56459
56463
56467
56485
56489
56513
56520
56522
56526
56528
56548
56570
56574
56575
56581
56597
56611
56624
56632
56639
56641
56647
56652
56654
56660
56667
56673
56690
56697
56700
56722
56742
56748
56754
56755
56779
56781
56782
56787
56790
56803
56804
56810
56811
56842
56844
56849
56864
56865
56868
56893
56903
56907
56922
56923
56924
56930
56936
56948
56961
56972
56973
56975
56976
56987
57009
57011
57023
57035
57043
57045
57047
57054
57057
57084
57093
57094
57104
57114
57115
57116
57133
57145
57192
57197
57204
57211
57216
57218
57234
57244
57253
57270
57271
57282
57285
57287
57296
57302
57331
57333
57340
57341
57344
57345
57348
57373
57377
57380
57398
57402
57417
57419
57427
57432
57436
57438
57460
57464
57465
57478
57483
57501
57527
57540
57541
57547
57553
57555
57566
57567
57570
57572
57573
57578
57590
57594
57605
57630
57659
57661
57669
57682
57689
57690
57706
57710
57711
57712
57717
57730
57739
57744
57748
57761
57765
57777
57780
57783
57789
57790
57797
57800
57811
57813
57818
57821
57827
57832
57843
57850
57857
57873
57882
57887
57893
57895
57910
57937
57938
57939
57949
57951
57970
57977
57980
57994
57999
58011
58027
58052
58062
58065
58073
58081
58089
58092
58107
58114
58116
58119
58124
58138
58141
58147
58157
58161
58162
58163
58172
58176
58180
58191
58208
58222
58228
58235
58252
58255
58261
58267
58269
58271
58272
58294
58296
58316
58324
58335
58349
58402
58415
58418
58423
58457
58463
58464
58466
58467
58474
58480
58483
58486
58500
58502
58503
58507
58514
58529
58535
58543
58550
58551
58560
58561
58575
58579
58586
58597
58609
58614
58642
58646
58674
58675
58689
58692
58733
58743
58746
58750
58751
58755
58757
58775
58778
58791
58792
58837
58840
58845
58846
58848
58856
58859
58877
58883
58884
58888
58902
58908
58910
58916
58919
58924
58938
58941
58949
58968
58970
58976
58980
58981
58985
58997
59000
59035
59038
59044
59068
59071
59096
59097
59098
59124
59129
59135
59168
59172
59173
59184
59194
59196
59200
59228
59242
59271
59282
59291
59320
59322
59325
59333
59345
59347
59357
59373
59378
59382
59404
59408
59411
59419
59423
59426
59434
59440
59445
59462
59464
59465
59467
59470
59473
59474
59494
59525
59535
59550
59553
59564
59593
59598
59603
59612
59627
59639
59662
59667
59673
59676
59687
59709
59723
59756
59816
59823
59832
59840
59844
59850
59861
59862
59885
59890
59898
59900
59908
59910
59923
59928
59931
59955
59959
59967
59972
59975
59978
59982
59985
59988
59992
60007
60010
60012
60016
60021
60036
60049
60082
60101
60103
60118
60126
60127
60160
60165
60175
60194
60196
60201
60262
60264
60270
60274
60277
60284
60287
60296
60297
60299
60303
60307
60322
60329
60336
60340
60341
60364
60370
60379
60390
60402
60424
60429
60432
60441
60453
60470
60484
60487
60490
60491
60506
60507
60514
60520
60534
60561
60573
60576
60578
60590
60600
60619
60620
60622
60624
60627
60631
60640
60650
60651
60652
60654
60656
60668
60676
60682
60714
60735
60818
60826
60847
60857
60862
60865
60871
60872
60876
60880
60884
60894
60900
60930
60939
60941
60953
60958
60961
60966
60970
60977
60978
60979
60980
60987
60988
60991
61000
61005
61029
61035
61050
61066
61076
61082
61086
61088
61100
61106
61132
61138
61140
61156
61158
61176
61183
61184
61195
61202
61203
61221
61239
61250
61253
61302
61312
61333
61340
61341
61349
61365
61368
61371
61374
61377
61387
61388
61394
61396
61410
61417
61418
61420
61423
61431
61438
61448
61455
61489
61491
61494
61506
61510
61515
61520
61557
61559
61562
61570
61585
61593
61605
61610
61612
61637
61640
61675
61683
61694
61706
61708
61715
61721
61722
61738
61755
61763
61766
61775
61784
61787
61790
61799
61802
61809
61814
61819
61840
61844
61854
61863
61876
61883
61884
61886
61905
61920
61939
61946
61949
61961
61964
62000
62001
62009
62010
62014
62032
62036
62037
62047
62053
62055
62056
62063
62076
62079
62096
62099
62114
62115
62122
62125
62131
62138
62153
62160
62178
62180
62202
62233
62256
62273
62285
62287
62293
62297
62304
62307
62309
62314
62329
62343
62352
62360
62367
62370
62388
62392
62397
62405
62409
62419
62424
62432
62436
62440
62445
62458
62481
62483
62485
62491
62499
62502
62503
62507
62513
62527
62531
62542
62545
62549
62552
62562
62577
62590
62608
62612
62637
62645
62652
62664
62673
62737
62764
62766
62773
62795
62802
62804
62805
62808
62813
62818
62825
62830
62832
62846
62850
62853
62858
62872
62890
62897
62920
62944
62976
62978
62994
62995
63017
63029
63030
63039
63058
63063
63069
63080
63083
63097
63104
63105
63115
63123
63129
63135
63152
63176
63181
63182
63200
63202
63209
63211
63212
63214
63217
63219
63225
63230
63235
63237
63251
63252
63257
63260
63264
63281
63286
63287
63288
63303
63308
63309
63314
63320
63332
63338
63340
63350
63376
63397
63409
63424
63430
63434
63439
63440
63450
63452
63454
63456
63458
63468
63480
63483
63495
63500
63504
63511
63516
63532
63538
63545
63548
63558
63559
63565
63571
63579
63582
63586
63601
63618
63619
63642
63650
63676
63681
63682
63685
63690
63692
63695
63697
63698
63724
63725
63731
63741
63747
63749
63785
63786
63793
63811
63823
63826
63846
63848
63849
63856
63878
63879
63896
63902
63907
63917
63918
63919
63923
63924
63926
63932
63936
63938
63957
63963
63980
63984
64016
64030
64038
64054
64070
64089
64091
64122
64123
64131
64133
64134
64143
64154
64158
64160
64163
64174
64178
64179
64182
64195
64196
64202
64207
64211
64226
64235
64247
64248
64250
64255
64264
64273
64274
64307
64325
64334
64337
64338
64352
64374
64397
64433
64434
64441
64459
64460
64464
64469
64470
64477
64492
64511
64514
64515
64525
64528
64543
64571
64573
64580
64593
64604
64607
64618
64620
64629
64637
64638
64642
64658
64663
64665
64679
64688
64697
64708
64719
64726
64729
64745
64752
64758
64765
64775
64794
64796
64816
64825
64832
64833
64836
64860
64863
64880
64896
64913
64935
64939
64943
64959
64962
64968
64977
64991
65002
65006
65008
65022
65029
65037
65038
65040
65067
65069
65072
65088
65091
65092
65096
65109
65116
65118
65120
65149
65151
65163
65169
65179
65181
65211
65217
65223
65240
65253
65275
65279
65287
65288
65290
65292
65295
65306
65316
65325
65328
65333
65336
65337
65338
65339
65346
65349
65363
65374
65376
65387
65428
65449
65473
65476
65477
65483
65491
65492
65501
65506
65511
65527
65536
65540
65542
65575
65578
65579
65580
65583
65596
65609
65614
65618
65626
65627
65629
65636
65641
65655
65658
65679
65684
65685
65693
65701
65711
65715
65721
65729
65740
65745
65761
65764
65766
65778
65806
65809
65836
65844
65849
65852
65858
65866
65885
65890
65893
65895
65898
65900
65920
65923
65946
65948
65955
65967
65973
65974
65986
66020
66023
66031
66052
66066
66067
66069
66103
66113
66123
66136
66137
66139
66150
66155
66167
66182
66188
66198
66203
66228
66232
66233
66238
66254
66262
66269
66272
66288
66297
66302
66306
66307
66325
66331
66333
66341
66353
66370
66400
66407
66411
66415
66443
66476
66497
66499
66506
66532
66540
66544
66565
66569
66583
66593
66596
66605
66611
66614
66633
66647
66660
66665
66666
66669
66672
66684
66688
66695
66705
66725
66736
66742
66745
66752
66753
66756
66762
66775
66776
66789
66811
66835
66846
66861
66866
66870
66899
66910
66911
66913
66922
66924
66933
66944
66945
66959
66965
66976
67018
67034
67042
67044
67068
67075
67079
67087
67095
67102
67114
67138
67145
67146
67148
67149
67150
67154
67161
67167
67172
67186
67190
67216
67217
67219
67220
67230
67241
67262
67265
67269
67288
67301
67308
67309
67314
67327
67339
67348
67382
67386
67412
67415
67421
67433
67446
67451
67483
67484
67488
67491
67497
67504
67513
67516
67518
67527
67536
67540
67558
67559
67575
67592
67599
67606
67625
67645
67649
67650
67659
67660
67691
67694
67710
67719
67730
67737
67738
67750
67755
67760
67772
67776
67779
67783
67788
67798
67805
67815
67823
67830
67834
67854
67861
67867
67869
67872
67883
67895
67897
67911
67912
67922
67940
67951
67954
67961
67965
67972
67977
67978
67980
67983
67995
68009
68015
68028
68032
68043
68078
68103
68126
68133
68135
68142
68149
68160
68164
68177
68178
68182
68207
68217
68240
68243
68247
68251
68255
68258
68267
68279
68302
68305
68306
68310
68323
68324
68327
68353
68360
68368
68377
68413
68418
68421
68435
68448
68449
68452
68474
68489
68493
68499
68500
68511
68514
68527
68528
68542
68547
68549
68565
68580
68588
68592
68594
68603
68609
68610
68618
68623
68661
68677
68683
68699
68701
68704
68707
68721
68728
68734
68757
68774
68780
68781
68808
68820
68821
68858
68877
68878
68888
68890
68898
68900
68907
68913
68924
68931
68936
68939
68945
68966
68967
68980
68989
68991
69019
69029
69068
69078
69095
69100
69102
69115
69117
69118
69119
69124
69135
69142
69149
69154
69161
69167
69171
69172
69187
69190
69192
69200
69202
69204
69206
69224
69225
69227
69229
69233
69234
69245
69248
69254
69263
69295
69305
69320
69326
69332
69337
69344
69345
69365
69367
69374
69381
69386
69390
69398
69414
69416
69420
69421
69435
69445
69458
69475
69476
69498
69508
69513
69519
69561
69566
69569
69576
69580
69604
69605
69606
69608
69609
69618
69628
69650
69656
69675
69677
69678
69699
69738
69741
69745
69748
69750
69755
69764
69779
69793
69797
69799
69802
69807
69822
69826
69833
69835
69836
69842
69848
69858
69876
69882
69890
69892
69909
69912
69920
69927
69939
69950
69961
69971
69977
69984
69991
69993
69997
69998
70004
70015
70022
70025
70027
70030
70032
70049
70067
70069
70071
70075
70081
70083
70096
70099
70107
70115
70138
70143
70155
70166
70169
70182
70215
70221
70235
70248
70272
70279
70280
70296
70298
70300
70301
70319
70323
70344
70352
70359
70360
70367
70369
70406
70431
70449
70475
70494
70509
70511
70518
70536
70537
70568
70571
70577
70594
70639
70688
70721
70748
70756
70797
70798
70802
70805
70807
70815
70831
70843
70855
70897
70899
70923
70926
70933
70943
70947
70951
70956
70960
70961
70962
70967
70973
70979
70983
70998
71002
71005
71012
71015
71020
71034
71040
71046
71056
71058
71066
71072
71084
71085
71092
71105
71118
71123
71124
71126
71128
71152
71161
71175
71187
71195
71226
71239
71256
71258
71265
71271
71286
71306
71334
71354
71355
71372
71374
71389
71405
71411
71420
71445
71447
71453
71466
71477
71487
71490
71498
71499
71501
71517
71523
71524
71531
71543
71544
71559
71572
71581
71607
71611
71616
71617
71621
71631
71637
71643
71644
71646
71648
71663
71673
71692
71694
71699
71720
71728
71730
71732
71743
71744
71745
71760
71762
71765
71768
71784
71793
71806
71809
71828
71831
71833
71864
71869
71891
71895
71896
71903
71906
71913
71918
71962
71964
71976
71982
72005
72010
72011
72018
72025
72026
72028
72072
72081
72087
72088
72104
72130
72154
72171
72172
72174
72175
72184
72194
72200
72203
72207
72255
72285
72301
72355
72358
72375
72393
72398
72403
72410
72418
72419
72438
72442
72456
72459
72467
72471
72472
72481
72485
72487
72491
72495
72500
72518
72520
72553
72556
72567
72578
72583
72586
72590
72605
72615
72629
72634
72641
72647
72651
72682
72683
72689
72691
72697
72699
72708
72716
72724
72732
72747
72749
72761
72763
72771
72789
72801
72825
72829
72860
72873
72880
72911
72916
72921
72923
72931
72936
72938
72940
72947
72969
72971
72981
72986
72988
72992
72994
73013
73039
73049
73051
73083
73084
73108
73114
73123
73132
73141
73142
73152
73166
73177
73181
73192
73200
73202
73210
73215
73219
73242
73244
73253
73255
73277
73278
73286
73287
73307
73315
73322
73324
73387
73388
73391
73393
73405
73407
73431
73435
73444
73448
73450
73465
73476
73496
73499
73502
73505
73529
73533
73539
73549
73551
73585
73592
73594
73608
73615
73637
73641
73655
73666
73674
73681
73685
73686
73689
73698
73701
73717
73718
73727
73731
73747
73751
73754
73758
73760
73763
73787
73794
73803
73804
73809
73811
73823
73838
73851
73892
73897
73907
73910
73925
73949
73952
73961
73984
73990
73998
74016
74020
74023
74030
74032
74039
74046
74061
74071
74079
74085
74106
74110
74111
74112
74114
74135
74140
74148
74154
74163
74164
74187
74213
74219
74229
74242
74251
74254
74272
74273
74274
74284
74301
74303
74309
74314
74317
74322
74342
74351
74357
74373
74387
74404
74422
74426
74428
74446
74450
74465
74467
74470
74474
74475
74477
74479
74490
74501
74504
74505
74510
74520
74524
74525
74531
74532
74535
74546
74550
74557
74560
74562
74566
74571
74574
74593
74594
74599
74601
74606
74620
74622
74623
74624
74632
74636
74637
74659
74660
74672
74678
74679
74680
74701
74706
74710
74718
74740
74744
74758
74763
74770
74771
74808
74817
74831
74865
74869
74880
74881
74882
74884
74898
74902
74903
74906
74921
74922
74923
74960
74966
74975
74978
74982
74983
74984
74987
74991
74993
75009
75025
75027
75028
75037
75045
75050
75055
75075
75087
75089
75091
75100
75102
75108
75114
75122
75124
75142
75161
75164
75170
75176
75178
75181
75186
75192
75193
75213
75217
75218
75261
75265
75269
75300
75308
75309
75322
75336
75355
75363
75386
75389
75395
75398
75402
75403
75414
75416
75424
75430
75431
75437
75456
75457
75460
75475
75476
75491
75498
75501
75507
75529
75532
75546
75556
75560
75579
75583
75600
75615
75659
75678
75682
75691
75698
75703
75710
75723
75729
75730
75735
75740
75750
75752
75753
75766
75775
75776
75779
75787
75812
75817
75820
75823
75840
75859
75878
75884
75897
75906
75909
75916
75934
75937
75938
75949
75954
75955
75960
75965
75971
75974
75983
75996
76002
76004
76009
76018
76026
76044
76065
76068
76097
76102
76118
76121
76127
76130
76133
76194
76202
76207
76212
76216
76222
76226
76238
76245
76249
76250
76258
76259
76262
76271
76279
76281
76284
76313
76315
76334
76347
76363
76366
76375
76395
76399
76404
76414
76436
76441
76442
76461
76478
76516
76551
76552
76571
76587
76593
76598
76603
76613
76619
76628
76674
76689
76694
76696
76700
76701
76708
76729
76730
76733
76743
76757
76767
76768
76772
76784
76789
76801
76802
76804
76815
76829
76836
76844
76854
76862
76865
76868
76874
76878
76882
76888
76899
76913
76920
76931
76932
76954
76956
76960
76961
76976
76978
76983
76993
76999
77004
77005
77014
77027
77072
77079
77081
77095
77098
77119
77124
77146
77152
77167
77169
77175
77177
77216
77224
77235
77265
77307
77308
77313
77317
77341
77344
77381
77387
77388
77393
77395
77403
77418
77429
77486
77511
77515
77527
77539
77557
77559
77560
77568
77569
77571
77573
77582
77602
77635
77647
77651
77653
77669
77676
77689
77696
77716
77718
77733
77739
77742
77752
77757
77758
77770
77780
77799
77800
77805
77834
77874
77875
77877
77894
77896
77912
77917
77926
77929
77962
77970
77975
78004
78011
78022
78032
78048
78066
78074
78107
78110
78111
78112
78114
78120
78128
78130
78153
78203
78217
78218
78219
78224
78244
78253
78268
78275
78300
78314
78319
78320
78350
78355
78359
78393
78425
78437
78445
78452
78475
78480
78487
78527
78528
78551
78557
78561
78572
78574
78586
78598
78613
78625
78627
78629
78634
78639
78644
78653
78663
78669
78688
78700
78703
78721
78730
78734
78748
78764
78773
78781
78782
78786
78820
78840
78843
78855
78863
78873
78874
78878
78881
78888
78892
78893
78897
78903
78912
78942
78963
78965
78966
78975
78978
79014
79017
79021
79024
79026
79028
79029
79032
79039
79069
79119
79137
79144
79153
79160
79164
79166
79177
79231
79234
79237
79246
79254
79261
79262
79268
79269
79279
79280
79283
79288
79295
79297
79301
79303
79307
79314
79320
79324
79336
79340
79344
79378
79391
79396
79397
79418
79420
79426
79427
79439
79451
79466
79470
79472
79485
79504
79511
79514
79529
79539
79569
79584
79586
79589
79595
79616
79628
79637
79639
79641
79654
79675
79676
79678
79683
79694
79696
79705
79712
79721
79729
79732
79741
79745
79746
79748
79761
79763
79773
79775
79779
79784
79788
79817
79826
79833
79840
79845
79856
79874
79883
79884
79885
79897
79899
79912
79921
79934
79936
79940
79957
79963
79970
79979
79980
79990
80000
80016
80025
80045
80063
80068
80075
80076
80079
80087
80097
80110
80117
80124
80137
80143
80146
80150
80165
80179
80190
80199
80214
80215
80224
80230
80238
80254
80256
80257
80260
80263
80295
80313
80315
80318
80322
80332
80340
80342
80347
80349
80357
80363
80364
80391
80392
80397
80401
80404
80435
80437
80454
80493
80508
80514
80527
80538
80539
80540
80545
80569
80578
80589
80611
80618
80619
80626
80627
80645
80650
80651
80654
80676
80688
80691
80708
80712
80739
80745
80751
80760
80761
80775
80776
80782
80783
80793
80802
80809
80812
80820
80852
80853
80865
80867
80877
80878
80886
80915
80924
80929
80937
80939
80942
80947
80953
80955
80965
80974
80975
81015
81029
81033
81039
81049
81052
81070
81076
81082
81086
81101
81103
81119
81122
81127
81130
81134
81153
81156
81168
81186
81193
81200
81203
81207
81223
81227
81243
81246
81268
81270
81271
81275
81279
81301
81321
81351
81362
81363
81376
81377
81400
81407
81408
81411
81430
81433
81434
81441
81443
81446
81471
81473
81474
81482
81487
81509
81512
81515
81530
81537
81548
81549
81559
81562
81566
81575
81576
81580
81581
81589
81591
81603
81617
81631
81633
81670
81673
81682
81687
81688
81699
81711
81720
81725
81730
81734
81743
81756
81761
81764
81774
81783
81786
81797
81798
81803
81807
81812
81818
81833
81838
81839
81859
81865
81876
81887
81888
81908
81923
81934
81938
81949
81961
81977
81997
82004
82011
82022
82035
82040
82060
82064
82076
82101
82104
82118
82119
82124
82129
82131
82139
82155
82185
82194
82221
82222
82230
82241
82254
82262
82266
82270
82275
82294
82295
82296
82298
82306
82308
82315
82321
82323
82350
82359
82368
82369
82378
82408
82416
82418
82422
82424
82433
82449
82452
82454
82462
82476
82523
82532
82546
82551
82568
82576
82589
82599
82600
82601
82604
82629
82636
82644
82659
82664
82668
82678
82679
82684
82697
82705
82715
82716
82753
82762
82772
82774
82784
82809
82823
82842
82863
82867
82868
82873
82877
82881
82885
82886
82889
82904
82909
82913
82915
82917
82925
82929
82932
82937
82941
82951
82954
82969
82982
82987
82992
82994
83009
83040
83051
83057
83067
83070
83071
83072
83075
83077
83082
83094
83105
83107
83140
83141
83143
83145
83149
83165
83168
83171
83172
83185
83202
83237
83240
83256
83259
83261
83270
83274
83292
83295
83302
83304
83325
83333
83339
83344
83351
83364
83380
83384
83389
83409
83415
83430
83431
83435
83438
83440
83444
83449
83453
83458
83490
83493
83494
83501
83529
83533
83558
83562
83566
83568
83571
83572
83575
83590
83598
83599
83603
83612
83627
83628
83637
83645
83670
83683
83687
83701
83721
83723
83724
83741
83745
83746
83752
83756
83758
83761
83767
83772
83773
83774
83783
83790
83792
83811
83840
83852
83865
83871
83872
83890
83895
83908
83936
83973
83989
83997
83998
84028
84029
84030
84038
84045
84066
84070
84072
84074
84079
84084
84092
84096
84101
84107
84127
84130
84140
84144
84145
84148
84152
84154
84165
84171
84190
84216
84222
84237
84250
84255
84256
84258
84259
84261
84268
84276
84280
84281
84282
84286
84288
84293
84311
84315
84317
84325
84327
84330
84332
84334
84345
84360
84381
84387
84399
84409
84413
84417
84437
84444
84460
84483
84490
84500
84504
84513
84518
84520
84524
84551
84560
84568
84575
84577
84589
84593
84601
84608
84624
84636
84638
84646
84652
84661
84679
84690
84704
84718
84729
84731
84758
84781
84799
84802
84805
84817
84821
84828
84837
84852
84860
84868
84879
84886
84888
84899
84906
84920
84922
84932
84938
84941
84946
84966
84977
84980
84991
85000
85055
85062
85065
85066
85067
85074
85077
85099
85141
85151
85163
85168
85176
85187
85198
85203
85216
85228
85229
85231
85232
85244
85250
85258
85270
85291
85315
85328
85338
85340
85353
85371
85378
85392
85403
85412
85416
85423
85428
85435
85463
85477
85494
85502
85509
85515
85516
85554
85558
85565
85579
85585
85587
85593
85615
85622
85632
85636
85643
85655
85656
85659
85668
85678
85700
85702
85709
85730
85737
85764
85775
85784
85789
85798
85807
85811
85835
85848
85850
85882
85900
85906
85922
85927
85930
85935
85941
85954
85956
85961
85963
85969
85979
85986
85994
86008
86013
86015
86019
86038
86074
86093
86104
86117
86137
86155
86156
86157
86194
86214
86215
86224
86228
86251
86266
86278
86279
86283
86289
86295
86300
86325
86330
86334
86338
86344
86345
86348
86349
86353
86360
86374
86383
86399
86410
86430
86433
86437
86443
86484
86498
86510
86525
86534
86535
86537
86540
86544
86561
86565
86582
86595
86597
86599
86601
86621
86635
86637
86638
86648
86665
86675
86680
86683
86693
86696
86704
86711
86713
86725
86730
86734
86737
86757
86765
86766
86770
86796
86801
86802
86814
86817
86823
86825
86831
86835
86851
86859
86864
86866
86867
86868
86870
86871
86877
86897
86906
86909
86922
86925
86944
86966
86979
86985
87010
87015
87016
87023
87026
87032
87041
87065
87066
87074
87075
87077
87081
87087
87090
87097
87100
87106
87117
87120
87164
87166
87179
87203
87215
87216
87225
87226
87238
87247
87262
87265
87271
87290
87296
87305
87307
87310
87317
87334
87346
87351
87359
87370
87391
87419
87425
87443
87457
87458
87467
87476
87477
87512
87514
87517
87527
87542
87547
87550
87559
87564
87568
87569
87570
87577
87587
87592
87608
87610
87612
87616
87624
87638
87641
87642
87649
87657
87661
87668
87672
87674
87684
87685
87687
87705
87729
87730
87731
87736
87744
87747
87763
87770
87782
87798
87799
87814
87815
87861
87862
87863
87875
87898
87904
87926
87932
87933
87949
87987
87997
88006
88009
88014
88024
88032
88040
88061
88062
88063
88070
88085
88089
88094
88102
88110
88126
88128
88176
88194
88195
88215
88216
88236
88238
88257
88275
88292
88293
88308
88326
88339
88344
88345
88352
88363
88370
88374
88382
88384
88385
88393
88395
88421
88425
88428
88438
88442
88447
88458
88465
88471
88476
88480
88504
88509
88515
88530
88548
88561
88567
88571
88575
88576
88583
88585
88591
88598
88603
88609
88629
88634
88635
88647
88648
88666
88691
88695
88696
88697
88698
88715
88734
88737
88742
88750
88758
88761
88762
88768
88777
88818
88837
88839
88840
88841
88843
88880
88886
88910
88919
88922
88931
88933
88952
88976
88979
88987
88992
89002
89006
89007
89012
89016
89045
89058
89060
89061
89074
89084
89086
89087
89110
89121
89123
89163
89185
89208
89212
89225
89236
89246
89248
89254
89257
89260
89276
89286
89297
89303
89311
89319
89320
89354
89370
89376
89377
89378
89390
89392
89399
89405
89412
89421
89434
89441
89452
89456
89458
89470
89484
89485
89487
89492
89495
89501
89503
89506
89512
89516
89521
89530
89537
89546
89550
89558
89574
89579
89589
89598
89599
89601
89605
89620
89630
89632
89639
89642
89648
89658
89662
89664
89671
89676
89677
89706
89712
89714
89715
89723
89724
89727
89730
89734
89739
89745
89750
89751
89803
89804
89813
89837
89839
89843
89845
89849
89856
89867
89877
89882
89885
89886
89887
89907
89920
89928
89944
89957
89958
89959
89962
89993
90002
90005
90011
90015
90027
90028
90029
90032
90042
90046
90048
90061
90068
90093
90096
90104
90132
90143
90146
90153
90159
90173
90179
90189
90196
90202
90203
90220
90241
90285
90286
90289
90311
90317
90320
90323
90343
90354
90361
90364
90374
90379
90384
90385
90405
90426
90429
90433
90438
90448
90449
90455
90456
90463
90466
90468
90472
90497
90501
90506
90508
90529
90532
90535
90538
90539
90556
90575
90580
90584
90593
90599
90604
90611
90630
90643
90650
90665
90670
90677
90701
90710
90711
90722
90734
90760
90761
90766
90828
90838
90845
90854
90880
90886
90890
90895
90897
90901
90907
90910
90918
90925
90931
90933
90935
90968
90986
91001
91003
91008
91014
91027
91029
91040
91044
91045
91048
91049
91053
91054
91055
91060
91077
91084
91088
91102
91103
91113
91139
91140
91145
91161
91162
91177
91189
91197
91213
91219
91220
91231
91235
91250
91259
91283
91288
91289
91309
91313
91322
91324
91327
91337
91338
91347
91364
91366
91390
91405
91407
91412
91419
91420
91421
91446
91456
91469
91472
91475
91476
91477
91532
91536
91560
91570
91575
91579
91587
91597
91604
91620
91629
91635
91650
91652
91656
91659
91664
91666
91679
91694
91700
91710
91712
91735
91778
91783
91792
91795
91800
91803
91807
91813
91814
91816
91828
91845
91847
91854
91859
91861
91875
91883
91884
91890
91903
91926
91933
91949
91955
91957
91958
91961
91965
91995
92023
92035
92045
92048
92050
92059
92070
92082
92084
92085
92086
92104
92110
92126
92142
92148
92150
92166
92204
92207
92210
92223
92231
92233
92240
92250
92255
92280
92298
92302
92307
92324
92340
92344
92345
92346
92371
92379
92382
92392
92400
92410
92417
92433
92471
92488
92504
92506
92507
92509
92514
92529
92531
92543
92551
92553
92569
92574
92578
92589
92619
92625
92630
92636
92641
92648
92694
92708
92711
92716
92718
92726
92727
92731
92745
92746
92772
92796
92800
92838
92839
92842
92854
92861
92868
92875
92905
92910
92917
92922
92923
92929
92936
92945
92958
92970
92980
92982
93005
93018
93025
93038
93039
93042
93054
93055
93061
93070
93085
93090
93101
93109
93110
93125
93130
93140
93141
93146
93160
93171
93187
93195
93197
93213
93214
93215
93219
93222
93224
93235
93252
93283
93296
93310
93312
93316
93321
93335
93342
93350
93355
93371
93374
93377
93380
93412
93443
93447
93448
93451
93463
93477
93503
93508
93527
93540
93553
93565
93581
93585
93595
93598
93603
93606
93623
93626
93645
93657
93673
93676
93678
93686
93687
93697
93702
93703
93707
93735
93739
93759
93771
93778
93783
93794
93796
93799
93817
93820
93834
93836
93838
93847
93856
93861
93868
93872
93876
93881
93885
93893
93894
93904
93950
93955
93957
93961
93966
93969
93970
93975
93984
93985
93992
94009
94011
94013
94023
94036
94050
94086
94088
94096
94099
94103
94117
94130
94153
94159
94168
94177
94194
94217
94231
94243
94250
94268
94306
94313
94315
94318
94331
94342
94368
94375
94381
94388
94391
94403
94411
94427
94428
94441
94446
94458
94475
94479
94512
94526
94527
94543
94565
94577
94589
94591
94592
94613
94636
94637
94640
94642
94649
94652
94660
94663
94667
94687
94689
94703
94722
94727
94738
94746
94749
94753
94767
94781
94793
94795
94799
94800
94806
94822
94830
94831
94844
94846
94848
94852
94860
94868
94874
94894
94911
94916
94926
94929
94930
94938
94942
94965
94967
94968
94972
94998
95006
95027
95028
95034
95038
95041
95055
95066
95096
95124
95132
95133
95137
95140
95141
95144
95151
95156
95158
95169
95171
95175
95176
95177
95185
95186
95196
95204
95234
95235
95246
95249
95260
95274
95277
95282
95284
95286
95287
95291
95298
95304
95313
95315
95320
95327
95330
95336
95343
95353
95357
95369
95393
95411
95421
95422
95441
95442
95462
95465
95469
95475
95491
95532
95545
95549
95563
95574
95583
95593
95604
95610
95645
95652
95654
95656
95666
95667
95671
95672
95687
95691
95694
95710
95714
95719
95741
95751
95756
95779
95805
95806
95810
95813
95817
95826
95856
95863
95869
95871
95885
95898
95899
95924
95925
95926
95937
95939
95945
95952
95965
95977
95979
95991
95997
96007
96043
96055
96061
96062
96069
96071
96072
96082
96096
96101
96103
96122
96125
96131
96147
96167
96180
96189
96190
96201
96230
96231
96245
96249
96253
96257
96258
96297
96321
96324
96325
96358
96369
96384
96401
96405
96412
96413
96425
96435
96444
96470
96487
96493
96505
96511
96515
96522
96523
96529
96532
96555
96558
96560
96572
96574
96582
96585
96592
96600
96613
96617
96620
96631
96661
96668
96671
96677
96681
96684
96685
96709
96710
96714
96722
96723
96737
96745
96747
96751
96762
96770
96775
96780
96783
96791
96807
96816
96841
96855
96856
96864
96882
96909
96919
96940
96954
96963
96964
96973
96979
96982
96988
97001
97002
97010
97019
97020
97039
97048
97049
97052
97053
97059
97061
97082
97103
97104
97111
97121
97123
97130
97135
97136
97139
97147
97149
97152
97157
97159
97161
97162
97166
97175
97178
97222
97233
97241
97246
97250
97259
97278
97290
97292
97308
97315
97316
97321
97356
97367
97369
97380
97381
97382
97394
97395
97396
97409
97422
97447
97471
97472
97491
97496
97503
97504
97518
97521
97523
97526
97527
97528
97533
97535
97539
97543
97545
97550
97580
97581
97584
97600
97614
97630
97632
97635
97680
97685
97692
97693
97709
97713
97716
97719
97723
97738
97747
97754
97755
97767
97774
97788
97795
97801
97803
97811
97826
97831
97836
97864
97865
97903
97909
97928
97947
97959
98000
98030
98039
98058
98069
98072
98093
98120
98122
98125
98153
98154
98165
98202
98209
98212
98231
98252
98254
98260
98263
98264
98267
98280
98281
98290
98312
98317
98327
98328
98340
98358
98362
98375
98423
98426
98433
98441
98467
98472
98483
98489
98492
98496
98501
98515
98553
98558
98569
98592
98599
98601
98608
98628
98632
98637
98659
98677
98693
98695
98706
98715
98717
98742
98751
98754
98755
98758
98762
98822
98848
98865
98869
98880
98905
98913
98926
98947
98959
98962
98965
98981
98993
99011
99012
99015
99030
99038
99053
99055
99087
99102
99112
99113
99118
99122
99124
99126
99129
99144
99148
99156
99161
99162
99175
99194
99201
99202
99217
99222
99234
99252
99253
99264
99265
99273
99279
99283
99285
99293
99296
99303
99318
99325
99328
99337
99338
99340
99350
99358
99364
99367
99385
99391
99407
99420
99426
99448
99451
99452
99453
99460
99463
99464
99487
99492
99498
99506
99507
99513
99530
99533
99545
99547
99550
99560
99566
99567
99572
99582
99612
99619
99641
99645
99648
99674
99677
99685
99712
99724
99756
99786
99792
99832
99854
99878
99879
99889
99890
99919
99924
99927
99929
99950
99975
99989
99994
