# Created by Octave 3.8.1, Thu Jul 06 23:08:33 2017 CST <shyreckdc@shyreckdc-PC>
# name: black
# type: matrix
# rows: 5696
# columns: 1
 17
 27
 47
 67
 86
 87
 89
 92
 101
 122
 137
 139
 146
 150
 158
 172
 184
 185
 205
 210
 236
 241
 265
 276
 287
 328
 334
 337
 346
 348
 349
 350
 427
 429
 447
 452
 474
 478
 481
 500
 516
 517
 519
 539
 540
 597
 605
 611
 623
 626
 643
 666
 681
 688
 702
 704
 713
 721
 728
 763
 770
 779
 802
 807
 819
 846
 867
 873
 899
 906
 913
 915
 920
 925
 938
 942
 983
 1017
 1029
 1032
 1039
 1047
 1077
 1079
 1095
 1098
 1118
 1128
 1136
 1202
 1218
 1230
 1232
 1237
 1250
 1264
 1266
 1293
 1299
 1300
 1323
 1347
 1351
 1354
 1358
 1381
 1394
 1396
 1401
 1407
 1417
 1418
 1420
 1427
 1431
 1436
 1451
 1459
 1491
 1522
 1532
 1543
 1545
 1602
 1621
 1662
 1663
 1688
 1782
 1808
 1811
 1844
 1846
 1860
 1892
 1917
 1926
 1937
 1966
 2000
 2005
 2017
 2018
 2022
 2043
 2067
 2074
 2084
 2096
 2120
 2140
 2152
 2195
 2220
 2236
 2241
 2242
 2248
 2263
 2266
 2286
 2289
 2291
 2295
 2310
 2322
 2324
 2325
 2328
 2334
 2354
 2363
 2366
 2380
 2449
 2494
 2498
 2505
 2534
 2558
 2600
 2628
 2630
 2662
 2671
 2672
 2674
 2684
 2701
 2710
 2736
 2764
 2773
 2776
 2785
 2831
 2854
 2872
 2875
 2883
 2892
 2903
 2911
 2956
 2969
 2988
 2990
 2995
 2998
 3000
 3011
 3031
 3032
 3037
 3049
 3051
 3056
 3067
 3069
 3070
 3095
 3118
 3133
 3136
 3137
 3141
 3156
 3162
 3170
 3187
 3225
 3227
 3241
 3289
 3301
 3304
 3306
 3314
 3318
 3380
 3403
 3416
 3417
 3430
 3445
 3465
 3474
 3481
 3483
 3495
 3506
 3513
 3521
 3528
 3533
 3557
 3558
 3573
 3577
 3639
 3645
 3647
 3652
 3659
 3661
 3667
 3675
 3693
 3699
 3704
 3722
 3725
 3753
 3758
 3762
 3788
 3812
 3814
 3822
 3826
 3830
 3845
 3889
 3898
 3900
 3911
 3912
 3933
 3956
 3977
 3995
 4036
 4045
 4057
 4058
 4062
 4076
 4089
 4091
 4093
 4099
 4106
 4120
 4133
 4134
 4143
 4145
 4146
 4181
 4183
 4196
 4216
 4242
 4243
 4251
 4268
 4329
 4331
 4342
 4359
 4361
 4380
 4398
 4400
 4421
 4426
 4427
 4436
 4449
 4480
 4491
 4510
 4516
 4524
 4527
 4550
 4562
 4569
 4584
 4600
 4607
 4610
 4614
 4624
 4629
 4643
 4656
 4657
 4664
 4680
 4698
 4699
 4700
 4719
 4727
 4788
 4791
 4813
 4816
 4817
 4818
 4865
 4885
 4896
 4898
 4901
 4907
 4931
 4946
 4947
 4957
 4962
 4985
 4987
 5023
 5035
 5046
 5047
 5053
 5081
 5088
 5099
 5103
 5155
 5189
 5209
 5255
 5290
 5300
 5301
 5329
 5341
 5358
 5376
 5383
 5388
 5398
 5399
 5434
 5449
 5485
 5495
 5514
 5519
 5520
 5537
 5539
 5572
 5586
 5587
 5599
 5628
 5649
 5650
 5657
 5665
 5669
 5674
 5690
 5695
 5702
 5704
 5720
 5735
 5739
 5747
 5766
 5793
 5810
 5815
 5820
 5837
 5857
 5859
 5865
 5889
 5915
 5922
 5928
 5935
 5940
 5962
 5969
 6002
 6038
 6047
 6073
 6091
 6109
 6122
 6142
 6171
 6190
 6203
 6206
 6220
 6225
 6231
 6255
 6284
 6286
 6303
 6306
 6348
 6372
 6397
 6410
 6411
 6433
 6446
 6451
 6464
 6465
 6468
 6474
 6482
 6486
 6487
 6500
 6512
 6521
 6534
 6538
 6548
 6569
 6571
 6575
 6579
 6592
 6605
 6636
 6656
 6666
 6706
 6711
 6728
 6794
 6817
 6851
 6853
 6863
 6877
 6879
 6897
 6902
 6904
 6933
 6936
 6958
 6971
 6972
 6994
 7012
 7016
 7037
 7041
 7056
 7059
 7066
 7090
 7095
 7098
 7102
 7109
 7128
 7135
 7136
 7137
 7149
 7156
 7188
 7194
 7257
 7265
 7324
 7350
 7352
 7366
 7394
 7409
 7417
 7423
 7428
 7465
 7469
 7470
 7486
 7489
 7496
 7520
 7528
 7529
 7535
 7576
 7585
 7603
 7615
 7620
 7629
 7633
 7642
 7684
 7696
 7698
 7700
 7707
 7726
 7733
 7734
 7737
 7763
 7777
 7794
 7798
 7804
 7830
 7854
 7858
 7868
 7888
 7900
 7922
 7941
 7975
 7977
 7986
 8014
 8024
 8031
 8032
 8040
 8068
 8104
 8115
 8160
 8171
 8178
 8180
 8198
 8210
 8215
 8222
 8239
 8250
 8257
 8264
 8272
 8275
 8282
 8306
 8313
 8320
 8339
 8349
 8353
 8364
 8367
 8373
 8402
 8409
 8416
 8425
 8427
 8438
 8441
 8457
 8476
 8480
 8494
 8522
 8554
 8558
 8571
 8572
 8578
 8613
 8639
 8687
 8696
 8754
 8767
 8786
 8790
 8810
 8818
 8831
 8835
 8842
 8859
 8860
 8863
 8875
 8906
 8908
 8913
 8917
 8943
 8947
 8960
 8964
 8967
 8968
 8978
 8985
 8986
 8988
 9010
 9017
 9115
 9136
 9146
 9148
 9151
 9168
 9185
 9219
 9221
 9245
 9280
 9282
 9293
 9315
 9361
 9374
 9390
 9394
 9396
 9405
 9416
 9436
 9466
 9504
 9516
 9520
 9562
 9567
 9597
 9665
 9681
 9720
 9723
 9740
 9745
 9749
 9769
 9805
 9806
 9808
 9815
 9823
 9828
 9848
 9855
 9856
 9889
 9901
 9904
 9910
 9924
 9944
 9958
 10001
 10006
 10012
 10027
 10044
 10064
 10078
 10079
 10087
 10104
 10108
 10115
 10119
 10136
 10154
 10161
 10181
 10199
 10204
 10208
 10244
 10258
 10274
 10287
 10300
 10308
 10311
 10349
 10352
 10369
 10370
 10374
 10408
 10416
 10419
 10424
 10429
 10431
 10462
 10464
 10474
 10479
 10507
 10522
 10559
 10567
 10573
 10575
 10578
 10586
 10623
 10625
 10636
 10642
 10643
 10646
 10660
 10670
 10686
 10690
 10695
 10702
 10728
 10729
 10741
 10763
 10772
 10773
 10793
 10803
 10812
 10828
 10829
 10830
 10839
 10848
 10849
 10864
 10887
 10941
 10961
 11008
 11034
 11066
 11070
 11096
 11142
 11160
 11174
 11209
 11231
 11248
 11258
 11278
 11281
 11305
 11328
 11372
 11390
 11397
 11412
 11427
 11450
 11471
 11476
 11477
 11483
 11521
 11524
 11535
 11569
 11573
 11604
 11613
 11614
 11620
 11622
 11626
 11640
 11669
 11680
 11686
 11709
 11720
 11745
 11759
 11761
 11766
 11778
 11781
 11796
 11866
 11880
 11886
 11892
 11932
 11940
 11942
 11943
 11950
 11966
 11981
 12014
 12069
 12085
 12086
 12087
 12112
 12115
 12119
 12127
 12132
 12133
 12136
 12137
 12154
 12164
 12175
 12179
 12190
 12209
 12227
 12228
 12238
 12242
 12253
 12259
 12269
 12276
 12282
 12306
 12338
 12358
 12396
 12410
 12415
 12425
 12434
 12450
 12460
 12474
 12480
 12483
 12486
 12490
 12493
 12503
 12521
 12529
 12570
 12573
 12582
 12591
 12592
 12593
 12611
 12620
 12633
 12645
 12659
 12684
 12690
 12718
 12720
 12731
 12739
 12759
 12772
 12782
 12786
 12802
 12804
 12818
 12819
 12826
 12829
 12839
 12859
 12865
 12868
 12877
 12884
 12934
 12939
 12942
 12944
 12996
 12998
 13004
 13006
 13019
 13025
 13085
 13087
 13118
 13127
 13144
 13151
 13155
 13160
 13166
 13173
 13184
 13187
 13212
 13224
 13235
 13245
 13255
 13256
 13262
 13263
 13264
 13269
 13274
 13275
 13291
 13296
 13305
 13322
 13361
 13364
 13366
 13374
 13379
 13398
 13404
 13434
 13446
 13447
 13454
 13458
 13470
 13481
 13502
 13548
 13555
 13591
 13595
 13602
 13615
 13616
 13630
 13636
 13655
 13657
 13703
 13707
 13713
 13726
 13738
 13744
 13748
 13755
 13762
 13779
 13802
 13844
 13899
 13911
 13927
 13953
 13954
 13988
 13989
 13999
 14013
 14019
 14033
 14044
 14050
 14056
 14095
 14112
 14121
 14139
 14142
 14160
 14162
 14176
 14218
 14226
 14240
 14279
 14282
 14285
 14288
 14308
 14332
 14352
 14372
 14387
 14407
 14424
 14433
 14460
 14464
 14468
 14472
 14474
 14501
 14505
 14506
 14509
 14523
 14526
 14528
 14531
 14541
 14555
 14567
 14606
 14629
 14633
 14636
 14689
 14727
 14768
 14778
 14790
 14817
 14821
 14840
 14856
 14883
 14900
 14904
 14910
 14911
 14931
 14940
 14968
 14975
 14987
 15012
 15016
 15023
 15037
 15054
 15060
 15073
 15084
 15086
 15094
 15111
 15141
 15182
 15190
 15199
 15212
 15221
 15226
 15230
 15238
 15262
 15279
 15290
 15292
 15303
 15313
 15320
 15324
 15335
 15360
 15367
 15370
 15392
 15398
 15403
 15405
 15424
 15429
 15487
 15490
 15520
 15521
 15531
 15533
 15548
 15566
 15581
 15583
 15623
 15665
 15671
 15726
 15748
 15763
 15766
 15775
 15785
 15799
 15803
 15830
 15839
 15846
 15873
 15889
 15900
 15901
 15906
 15910
 15911
 15941
 15956
 15958
 15962
 15982
 15985
 16010
 16016
 16030
 16070
 16092
 16095
 16099
 16118
 16143
 16148
 16155
 16165
 16173
 16205
 16209
 16231
 16251
 16265
 16298
 16315
 16335
 16341
 16362
 16387
 16404
 16406
 16417
 16424
 16454
 16459
 16463
 16489
 16503
 16509
 16513
 16533
 16537
 16550
 16565
 16574
 16580
 16597
 16617
 16633
 16670
 16712
 16719
 16762
 16770
 16784
 16791
 16792
 16796
 16804
 16817
 16818
 16820
 16833
 16847
 16866
 16880
 16887
 16891
 16895
 16902
 16933
 16947
 16949
 16952
 16954
 16961
 16964
 16981
 16983
 16999
 17025
 17027
 17034
 17041
 17080
 17081
 17090
 17095
 17135
 17144
 17167
 17181
 17195
 17208
 17238
 17246
 17253
 17259
 17285
 17290
 17304
 17305
 17342
 17361
 17362
 17372
 17379
 17401
 17403
 17414
 17424
 17437
 17452
 17454
 17534
 17540
 17555
 17556
 17605
 17628
 17643
 17669
 17703
 17712
 17713
 17726
 17735
 17745
 17764
 17781
 17785
 17809
 17836
 17839
 17844
 17922
 17935
 17940
 17944
 17955
 17969
 17972
 17993
 17994
 18015
 18031
 18033
 18068
 18072
 18078
 18091
 18096
 18119
 18142
 18166
 18189
 18203
 18204
 18211
 18233
 18243
 18256
 18260
 18274
 18282
 18298
 18302
 18307
 18339
 18360
 18403
 18409
 18420
 18422
 18427
 18444
 18453
 18465
 18471
 18475
 18488
 18491
 18503
 18512
 18533
 18545
 18554
 18595
 18596
 18624
 18631
 18637
 18646
 18660
 18674
 18686
 18694
 18697
 18703
 18750
 18751
 18778
 18780
 18794
 18801
 18816
 18845
 18849
 18859
 18865
 18874
 18884
 18888
 18921
 18924
 18930
 18931
 18942
 18945
 18973
 18986
 18994
 19033
 19035
 19039
 19050
 19052
 19059
 19063
 19080
 19101
 19117
 19145
 19146
 19155
 19169
 19180
 19187
 19192
 19212
 19217
 19223
 19229
 19257
 19340
 19343
 19351
 19354
 19356
 19368
 19375
 19377
 19435
 19441
 19452
 19458
 19469
 19484
 19488
 19490
 19498
 19514
 19522
 19572
 19609
 19616
 19635
 19648
 19657
 19666
 19699
 19701
 19708
 19717
 19732
 19733
 19742
 19751
 19774
 19786
 19812
 19845
 19847
 19848
 19864
 19875
 19891
 19907
 19928
 19945
 19952
 19953
 19971
 19980
 20014
 20016
 20021
 20038
 20044
 20045
 20056
 20080
 20083
 20088
 20126
 20128
 20143
 20148
 20152
 20154
 20173
 20176
 20185
 20190
 20195
 20216
 20240
 20263
 20282
 20289
 20304
 20310
 20312
 20332
 20367
 20379
 20388
 20391
 20415
 20437
 20441
 20465
 20495
 20505
 20510
 20542
 20549
 20574
 20586
 20594
 20612
 20640
 20647
 20668
 20673
 20685
 20689
 20708
 20712
 20714
 20717
 20718
 20730
 20735
 20737
 20770
 20775
 20782
 20784
 20791
 20793
 20832
 20871
 20894
 20899
 20934
 20937
 20957
 20963
 20973
 20999
 21001
 21021
 21030
 21036
 21040
 21058
 21059
 21069
 21075
 21085
 21095
 21102
 21103
 21107
 21116
 21133
 21150
 21152
 21164
 21167
 21172
 21191
 21228
 21239
 21244
 21289
 21294
 21305
 21318
 21341
 21347
 21375
 21380
 21398
 21420
 21439
 21454
 21481
 21484
 21487
 21537
 21543
 21547
 21577
 21589
 21600
 21637
 21669
 21682
 21692
 21706
 21734
 21755
 21758
 21772
 21783
 21796
 21815
 21838
 21844
 21871
 21889
 21936
 21956
 21976
 21986
 22001
 22017
 22018
 22022
 22023
 22037
 22052
 22056
 22063
 22084
 22095
 22102
 22117
 22124
 22126
 22143
 22195
 22199
 22208
 22209
 22226
 22276
 22278
 22285
 22291
 22313
 22314
 22341
 22350
 22384
 22398
 22400
 22418
 22440
 22461
 22468
 22471
 22494
 22515
 22541
 22581
 22605
 22607
 22627
 22652
 22660
 22672
 22695
 22706
 22724
 22736
 22749
 22753
 22754
 22759
 22761
 22762
 22777
 22782
 22796
 22815
 22818
 22823
 22830
 22846
 22860
 22872
 22889
 22931
 22933
 22943
 22965
 22999
 23009
 23010
 23040
 23071
 23084
 23091
 23094
 23110
 23142
 23147
 23149
 23194
 23203
 23206
 23209
 23218
 23223
 23228
 23241
 23247
 23253
 23258
 23259
 23262
 23300
 23302
 23305
 23366
 23408
 23426
 23435
 23450
 23479
 23488
 23499
 23501
 23507
 23520
 23529
 23535
 23551
 23583
 23598
 23603
 23612
 23666
 23678
 23682
 23694
 23730
 23736
 23753
 23757
 23771
 23804
 23805
 23827
 23830
 23833
 23843
 23845
 23855
 23864
 23868
 23871
 23873
 23882
 23897
 23959
 23971
 23975
 23989
 24010
 24032
 24045
 24065
 24091
 24147
 24148
 24150
 24156
 24168
 24169
 24195
 24221
 24233
 24252
 24266
 24272
 24274
 24301
 24307
 24325
 24345
 24373
 24390
 24394
 24403
 24421
 24458
 24465
 24477
 24503
 24526
 24541
 24560
 24594
 24601
 24606
 24608
 24611
 24627
 24630
 24632
 24658
 24680
 24704
 24715
 24728
 24754
 24766
 24771
 24782
 24800
 24817
 24824
 24848
 24861
 24866
 24868
 24907
 24909
 24934
 24941
 24953
 24961
 24987
 24996
 25017
 25029
 25032
 25104
 25113
 25127
 25174
 25264
 25306
 25316
 25351
 25375
 25376
 25387
 25391
 25395
 25404
 25424
 25434
 25439
 25467
 25522
 25540
 25562
 25567
 25575
 25576
 25582
 25585
 25622
 25635
 25655
 25667
 25674
 25677
 25692
 25704
 25706
 25710
 25712
 25727
 25737
 25758
 25778
 25792
 25794
 25796
 25803
 25804
 25846
 25856
 25857
 25860
 25865
 25870
 25891
 25893
 25903
 25911
 25929
 25940
 25946
 25947
 25962
 25976
 25986
 25993
 25994
 26012
 26043
 26065
 26088
 26093
 26095
 26121
 26135
 26137
 26138
 26151
 26157
 26158
 26161
 26188
 26208
 26219
 26238
 26271
 26291
 26318
 26324
 26362
 26383
 26386
 26396
 26399
 26430
 26432
 26440
 26452
 26461
 26471
 26476
 26502
 26510
 26516
 26518
 26521
 26523
 26534
 26536
 26541
 26550
 26557
 26570
 26588
 26593
 26628
 26631
 26634
 26654
 26658
 26687
 26692
 26693
 26711
 26730
 26731
 26755
 26759
 26790
 26809
 26829
 26935
 26937
 26950
 26953
 26959
 26963
 26978
 26981
 27018
 27022
 27059
 27064
 27109
 27116
 27141
 27145
 27174
 27176
 27178
 27189
 27192
 27193
 27195
 27196
 27211
 27216
 27217
 27230
 27234
 27239
 27263
 27290
 27354
 27394
 27399
 27442
 27445
 27453
 27465
 27472
 27482
 27507
 27512
 27516
 27525
 27540
 27541
 27542
 27557
 27562
 27581
 27617
 27621
 27623
 27625
 27647
 27652
 27674
 27688
 27699
 27709
 27715
 27727
 27730
 27739
 27750
 27753
 27758
 27783
 27797
 27812
 27821
 27824
 27851
 27853
 27875
 27878
 27909
 27920
 27945
 27954
 27976
 27982
 27996
 28003
 28030
 28048
 28056
 28066
 28070
 28122
 28131
 28143
 28161
 28175
 28185
 28191
 28197
 28218
 28245
 28246
 28261
 28268
 28269
 28270
 28280
 28298
 28303
 28328
 28339
 28351
 28399
 28402
 28404
 28417
 28431
 28440
 28448
 28463
 28464
 28520
 28522
 28530
 28541
 28543
 28549
 28564
 28575
 28586
 28587
 28598
 28604
 28628
 28637
 28658
 28707
 28719
 28724
 28763
 28810
 28820
 28848
 28850
 28852
 28853
 28870
 28888
 28906
 28924
 28930
 28939
 28940
 28942
 28948
 28964
 28968
 28971
 28980
 28992
 29031
 29047
 29051
 29060
 29077
 29080
 29099
 29107
 29108
 29109
 29119
 29127
 29131
 29149
 29162
 29176
 29178
 29211
 29226
 29230
 29249
 29260
 29271
 29295
 29309
 29310
 29316
 29348
 29372
 29382
 29392
 29393
 29397
 29400
 29401
 29414
 29419
 29424
 29428
 29435
 29458
 29459
 29485
 29506
 29507
 29512
 29566
 29569
 29578
 29580
 29594
 29599
 29629
 29647
 29648
 29658
 29685
 29710
 29723
 29727
 29746
 29756
 29759
 29776
 29780
 29791
 29818
 29881
 29890
 29896
 29907
 29910
 29923
 29945
 29958
 29977
 29986
 30002
 30007
 30008
 30027
 30031
 30033
 30040
 30057
 30095
 30096
 30098
 30108
 30115
 30126
 30149
 30161
 30174
 30187
 30200
 30202
 30265
 30270
 30289
 30292
 30308
 30321
 30325
 30354
 30360
 30366
 30397
 30414
 30435
 30441
 30445
 30464
 30476
 30477
 30491
 30525
 30530
 30541
 30545
 30565
 30567
 30569
 30579
 30592
 30597
 30601
 30603
 30605
 30606
 30614
 30631
 30634
 30651
 30667
 30677
 30685
 30687
 30697
 30711
 30732
 30740
 30763
 30765
 30775
 30784
 30786
 30802
 30809
 30817
 30820
 30822
 30847
 30879
 30881
 30896
 30899
 30902
 30915
 30980
 30995
 31001
 31013
 31017
 31020
 31025
 31032
 31034
 31040
 31065
 31084
 31101
 31139
 31147
 31161
 31196
 31220
 31222
 31230
 31242
 31243
 31246
 31255
 31258
 31265
 31271
 31285
 31337
 31343
 31354
 31367
 31375
 31405
 31410
 31413
 31420
 31457
 31538
 31550
 31551
 31553
 31557
 31558
 31591
 31638
 31650
 31651
 31654
 31655
 31662
 31675
 31681
 31728
 31753
 31770
 31786
 31789
 31825
 31827
 31876
 31889
 31901
 31925
 31938
 31993
 32012
 32030
 32045
 32048
 32057
 32070
 32089
 32096
 32104
 32130
 32145
 32156
 32161
 32164
 32166
 32168
 32201
 32208
 32211
 32238
 32243
 32252
 32269
 32276
 32295
 32328
 32338
 32343
 32363
 32370
 32401
 32403
 32408
 32415
 32420
 32425
 32444
 32455
 32471
 32482
 32494
 32524
 32541
 32577
 32602
 32650
 32661
 32674
 32689
 32710
 32770
 32789
 32828
 32841
 32848
 32860
 32882
 32883
 32884
 32905
 32912
 32915
 32916
 32918
 32943
 32965
 32968
 32975
 32976
 33005
 33006
 33010
 33027
 33048
 33062
 33070
 33088
 33095
 33112
 33121
 33125
 33139
 33153
 33157
 33158
 33163
 33165
 33169
 33178
 33188
 33194
 33205
 33208
 33242
 33262
 33278
 33303
 33308
 33313
 33326
 33333
 33341
 33345
 33352
 33354
 33389
 33430
 33442
 33488
 33507
 33523
 33534
 33545
 33582
 33600
 33615
 33616
 33628
 33631
 33648
 33651
 33671
 33673
 33729
 33738
 33766
 33773
 33776
 33780
 33810
 33822
 33845
 33892
 33919
 33932
 33938
 33942
 33961
 34001
 34031
 34033
 34044
 34050
 34051
 34076
 34088
 34111
 34117
 34126
 34135
 34172
 34174
 34191
 34203
 34204
 34207
 34214
 34313
 34353
 34358
 34389
 34394
 34396
 34398
 34401
 34428
 34430
 34432
 34437
 34463
 34465
 34471
 34493
 34503
 34530
 34549
 34558
 34634
 34645
 34647
 34668
 34681
 34684
 34705
 34719
 34720
 34742
 34799
 34832
 34835
 34840
 34858
 34864
 34876
 34893
 34906
 34918
 34937
 34941
 34951
 34967
 35002
 35020
 35038
 35056
 35059
 35061
 35065
 35079
 35081
 35113
 35122
 35141
 35148
 35152
 35154
 35177
 35197
 35199
 35206
 35225
 35259
 35331
 35342
 35347
 35357
 35384
 35392
 35408
 35412
 35414
 35416
 35422
 35423
 35425
 35445
 35462
 35464
 35480
 35484
 35489
 35505
 35519
 35522
 35524
 35529
 35564
 35566
 35567
 35575
 35608
 35622
 35632
 35707
 35759
 35762
 35783
 35787
 35799
 35801
 35815
 35835
 35838
 35842
 35857
 35868
 35869
 35878
 35889
 35893
 35927
 35931
 35955
 36034
 36042
 36046
 36083
 36115
 36127
 36129
 36135
 36144
 36148
 36149
 36191
 36224
 36230
 36260
 36268
 36280
 36312
 36322
 36327
 36330
 36337
 36350
 36353
 36377
 36391
 36393
 36396
 36415
 36469
 36475
 36480
 36481
 36494
 36559
 36565
 36567
 36585
 36589
 36604
 36650
 36659
 36701
 36703
 36725
 36762
 36763
 36764
 36778
 36780
 36785
 36831
 36845
 36849
 36913
 36937
 36938
 36964
 36966
 36974
 36975
 36987
 37013
 37014
 37025
 37051
 37067
 37085
 37103
 37109
 37110
 37115
 37126
 37129
 37131
 37135
 37164
 37178
 37195
 37199
 37222
 37238
 37252
 37259
 37262
 37280
 37301
 37311
 37332
 37338
 37353
 37368
 37382
 37386
 37402
 37414
 37418
 37424
 37472
 37502
 37513
 37528
 37558
 37564
 37565
 37593
 37596
 37612
 37646
 37651
 37652
 37654
 37669
 37687
 37706
 37714
 37716
 37725
 37734
 37755
 37771
 37781
 37791
 37793
 37810
 37843
 37845
 37864
 37868
 37892
 37896
 37914
 37927
 37930
 37950
 37974
 37989
 38004
 38009
 38016
 38036
 38044
 38046
 38062
 38102
 38115
 38119
 38121
 38128
 38153
 38168
 38184
 38188
 38212
 38238
 38241
 38295
 38301
 38304
 38306
 38346
 38347
 38357
 38360
 38369
 38371
 38376
 38388
 38399
 38423
 38426
 38427
 38435
 38437
 38472
 38484
 38502
 38508
 38533
 38586
 38605
 38629
 38631
 38635
 38647
 38672
 38674
 38689
 38721
 38732
 38741
 38752
 38771
 38793
 38804
 38813
 38825
 38830
 38880
 38902
 38903
 38921
 38947
 38953
 38978
 38983
 38995
 39011
 39012
 39078
 39089
 39095
 39161
 39191
 39230
 39236
 39255
 39260
 39303
 39305
 39315
 39319
 39322
 39325
 39353
 39360
 39364
 39366
 39383
 39404
 39407
 39435
 39449
 39484
 39497
 39526
 39553
 39568
 39583
 39586
 39619
 39622
 39629
 39638
 39653
 39656
 39657
 39658
 39666
 39689
 39705
 39737
 39746
 39753
 39762
 39772
 39799
 39810
 39812
 39843
 39850
 39865
 39889
 39890
 39915
 39935
 39976
 39989
 40015
 40016
 40022
 40024
 40034
 40042
 40055
 40068
 40087
 40104
 40120
 40140
 40141
 40142
 40156
 40167
 40189
 40196
 40232
 40236
 40237
 40238
 40256
 40266
 40272
 40276
 40290
 40294
 40295
 40314
 40319
 40323
 40335
 40337
 40359
 40386
 40393
 40400
 40401
 40402
 40403
 40424
 40462
 40481
 40490
 40500
 40510
 40534
 40546
 40558
 40586
 40596
 40610
 40635
 40641
 40644
 40645
 40658
 40676
 40677
 40685
 40702
 40707
 40715
 40723
 40741
 40762
 40775
 40779
 40787
 40813
 40835
 40852
 40859
 40863
 40918
 40932
 40945
 40946
 40969
 40982
 41007
 41018
 41025
 41028
 41038
 41064
 41075
 41085
 41132
 41143
 41156
 41158
 41165
 41166
 41174
 41188
 41203
 41226
 41227
 41233
 41242
 41243
 41279
 41282
 41284
 41291
 41317
 41319
 41349
 41359
 41372
 41376
 41397
 41402
 41469
 41502
 41508
 41535
 41540
 41547
 41580
 41618
 41630
 41634
 41674
 41675
 41691
 41720
 41731
 41734
 41735
 41737
 41741
 41744
 41771
 41797
 41833
 41841
 41855
 41893
 41922
 41930
 41933
 41934
 41946
 42001
 42006
 42019
 42020
 42023
 42024
 42047
 42053
 42058
 42062
 42066
 42080
 42097
 42098
 42100
 42104
 42109
 42112
 42114
 42122
 42138
 42177
 42185
 42213
 42218
 42230
 42255
 42257
 42264
 42273
 42278
 42282
 42303
 42341
 42351
 42360
 42374
 42395
 42406
 42419
 42433
 42441
 42465
 42471
 42500
 42507
 42512
 42513
 42518
 42541
 42545
 42562
 42571
 42578
 42579
 42590
 42605
 42627
 42662
 42667
 42695
 42706
 42727
 42744
 42749
 42756
 42762
 42767
 42769
 42825
 42848
 42865
 42872
 42884
 42908
 42912
 42916
 42926
 42927
 42937
 42977
 42982
 43057
 43074
 43077
 43091
 43092
 43100
 43105
 43115
 43130
 43139
 43150
 43154
 43163
 43221
 43233
 43257
 43258
 43282
 43326
 43332
 43340
 43346
 43357
 43391
 43426
 43430
 43431
 43446
 43447
 43455
 43481
 43498
 43505
 43529
 43544
 43549
 43552
 43554
 43568
 43572
 43582
 43590
 43602
 43611
 43620
 43649
 43657
 43665
 43667
 43680
 43712
 43718
 43728
 43789
 43793
 43807
 43815
 43820
 43827
 43829
 43834
 43851
 43861
 43870
 43907
 43908
 43915
 43949
 43983
 43990
 44004
 44014
 44030
 44033
 44039
 44049
 44069
 44117
 44163
 44176
 44184
 44203
 44208
 44214
 44221
 44223
 44239
 44247
 44250
 44288
 44289
 44292
 44294
 44307
 44312
 44321
 44365
 44382
 44392
 44413
 44435
 44448
 44456
 44477
 44478
 44481
 44510
 44519
 44538
 44540
 44544
 44560
 44566
 44578
 44585
 44594
 44614
 44630
 44646
 44655
 44664
 44669
 44692
 44696
 44725
 44730
 44734
 44752
 44764
 44767
 44774
 44775
 44776
 44780
 44781
 44789
 44790
 44791
 44803
 44809
 44833
 44841
 44851
 44883
 44893
 44911
 44926
 44932
 44938
 44955
 44959
 44975
 44984
 45004
 45015
 45016
 45017
 45031
 45057
 45063
 45067
 45085
 45125
 45131
 45139
 45143
 45149
 45194
 45198
 45202
 45213
 45216
 45218
 45219
 45229
 45230
 45240
 45264
 45291
 45319
 45320
 45324
 45358
 45391
 45395
 45440
 45487
 45488
 45508
 45521
 45534
 45547
 45548
 45563
 45586
 45602
 45627
 45634
 45644
 45674
 45699
 45702
 45715
 45720
 45724
 45727
 45750
 45762
 45763
 45764
 45767
 45776
 45782
 45814
 45819
 45845
 45869
 45879
 45898
 45908
 45916
 45918
 45929
 45936
 45941
 45957
 45972
 45979
 45996
 45998
 45999
 46004
 46006
 46011
 46034
 46048
 46060
 46063
 46064
 46074
 46078
 46090
 46126
 46135
 46154
 46166
 46190
 46192
 46198
 46217
 46234
 46251
 46260
 46263
 46264
 46266
 46268
 46284
 46291
 46300
 46348
 46356
 46376
 46403
 46434
 46437
 46443
 46445
 46455
 46472
 46481
 46489
 46508
 46516
 46521
 46525
 46527
 46528
 46541
 46555
 46559
 46569
 46610
 46611
 46614
 46634
 46654
 46673
 46674
 46743
 46761
 46767
 46772
 46777
 46787
 46790
 46804
 46849
 46855
 46880
 46893
 46903
 46904
 46916
 46920
 46933
 46942
 46958
 47031
 47042
 47045
 47067
 47069
 47073
 47089
 47094
 47108
 47117
 47123
 47154
 47169
 47189
 47203
 47211
 47213
 47230
 47257
 47265
 47279
 47290
 47309
 47329
 47330
 47333
 47338
 47361
 47383
 47409
 47414
 47425
 47455
 47459
 47485
 47496
 47500
 47503
 47540
 47550
 47553
 47555
 47557
 47561
 47562
 47579
 47600
 47607
 47609
 47618
 47626
 47634
 47640
 47652
 47665
 47699
 47715
 47758
 47766
 47767
 47768
 47771
 47798
 47800
 47804
 47819
 47823
 47830
 47852
 47860
 47872
 47909
 47928
 47976
 47979
 47996
 48014
 48016
 48035
 48044
 48048
 48075
 48083
 48085
 48093
 48099
 48138
 48143
 48152
 48164
 48171
 48180
 48187
 48188
 48202
 48212
 48281
 48291
 48293
 48305
 48371
 48372
 48388
 48408
 48411
 48427
 48431
 48437
 48451
 48492
 48500
 48515
 48530
 48533
 48534
 48545
 48565
 48578
 48591
 48602
 48620
 48633
 48641
 48647
 48652
 48675
 48687
 48727
 48743
 48769
 48772
 48796
 48809
 48852
 48856
 48870
 48871
 48875
 48885
 48915
 48932
 48935
 48937
 48941
 49010
 49019
 49079
 49135
 49139
 49146
 49171
 49197
 49200
 49240
 49241
 49258
 49274
 49279
 49285
 49295
 49345
 49372
 49373
 49374
 49376
 49378
 49414
 49430
 49463
 49490
 49497
 49503
 49516
 49524
 49525
 49542
 49558
 49587
 49596
 49616
 49634
 49641
 49645
 49650
 49681
 49723
 49726
 49737
 49742
 49743
 49768
 49769
 49821
 49865
 49869
 49885
 49892
 49903
 49904
 49906
 49907
 49909
 49911
 49945
 49972
 50005
 50008
 50011
 50023
 50054
 50084
 50087
 50091
 50109
 50171
 50175
 50180
 50222
 50224
 50235
 50242
 50246
 50261
 50281
 50307
 50318
 50360
 50368
 50476
 50500
 50523
 50529
 50544
 50580
 50583
 50595
 50597
 50602
 50621
 50626
 50627
 50638
 50641
 50648
 50657
 50659
 50661
 50672
 50683
 50685
 50690
 50691
 50703
 50710
 50729
 50741
 50749
 50794
 50808
 50814
 50820
 50829
 50844
 50863
 50888
 50896
 50898
 50905
 50920
 50923
 50941
 50972
 50996
 51003
 51007
 51014
 51022
 51029
 51067
 51089
 51091
 51093
 51110
 51122
 51138
 51168
 51171
 51182
 51200
 51214
 51223
 51252
 51268
 51284
 51285
 51288
 51291
 51313
 51321
 51339
 51346
 51353
 51358
 51375
 51408
 51422
 51426
 51435
 51438
 51445
 51447
 51453
 51488
 51497
 51503
 51506
 51511
 51519
 51542
 51568
 51586
 51598
 51609
 51618
 51637
 51642
 51650
 51688
 51702
 51710
 51714
 51723
 51744
 51748
 51759
 51769
 51786
 51787
 51792
 51800
 51811
 51813
 51814
 51831
 51867
 51873
 51883
 51890
 51894
 51911
 51924
 51925
 51942
 51991
 52030
 52061
 52082
 52093
 52100
 52130
 52146
 52180
 52210
 52229
 52258
 52263
 52264
 52318
 52324
 52330
 52352
 52356
 52360
 52367
 52376
 52390
 52400
 52414
 52432
 52438
 52454
 52458
 52475
 52487
 52498
 52534
 52553
 52562
 52586
 52588
 52615
 52633
 52647
 52656
 52664
 52670
 52703
 52704
 52706
 52739
 52747
 52773
 52815
 52816
 52856
 52905
 52915
 52932
 52978
 53005
 53007
 53016
 53054
 53064
 53069
 53088
 53100
 53101
 53129
 53133
 53149
 53155
 53166
 53168
 53205
 53208
 53223
 53257
 53264
 53297
 53311
 53330
 53358
 53360
 53371
 53379
 53380
 53384
 53387
 53391
 53393
 53396
 53407
 53415
 53419
 53429
 53501
 53511
 53515
 53540
 53552
 53566
 53600
 53623
 53648
 53655
 53683
 53687
 53707
 53717
 53745
 53748
 53754
 53764
 53789
 53816
 53831
 53833
 53835
 53851
 53888
 53896
 53926
 53942
 53946
 53962
 53984
 54002
 54015
 54016
 54022
 54056
 54121
 54133
 54137
 54142
 54144
 54146
 54150
 54171
 54188
 54203
 54224
 54229
 54252
 54265
 54275
 54293
 54298
 54304
 54305
 54314
 54316
 54330
 54335
 54338
 54340
 54370
 54375
 54415
 54421
 54422
 54442
 54462
 54475
 54478
 54482
 54485
 54495
 54496
 54497
 54510
 54513
 54536
 54550
 54560
 54567
 54610
 54621
 54651
 54667
 54710
 54726
 54766
 54767
 54793
 54813
 54825
 54849
 54881
 54889
 54891
 54904
 54926
 54927
 54932
 54949
 55025
 55035
 55059
 55064
 55093
 55097
 55138
 55170
 55171
 55180
 55192
 55195
 55206
 55244
 55246
 55249
 55274
 55317
 55355
 55356
 55405
 55408
 55416
 55453
 55460
 55464
 55471
 55495
 55522
 55542
 55546
 55553
 55574
 55592
 55615
 55626
 55637
 55670
 55677
 55686
 55688
 55691
 55696
 55737
 55742
 55750
 55756
 55758
 55770
 55771
 55794
 55810
 55827
 55843
 55901
 55940
 55961
 55974
 55980
 56018
 56031
 56048
 56057
 56062
 56069
 56071
 56082
 56093
 56119
 56136
 56146
 56192
 56203
 56210
 56212
 56271
 56308
 56311
 56368
 56370
 56382
 56384
 56391
 56395
 56403
 56433
 56435
 56459
 56463
 56467
 56485
 56513
 56520
 56522
 56526
 56548
 56574
 56575
 56581
 56611
 56639
 56647
 56652
 56654
 56660
 56667
 56673
 56690
 56697
 56700
 56722
 56742
 56748
 56779
 56782
 56787
 56790
 56803
 56810
 56811
 56844
 56849
 56864
 56865
 56868
 56907
 56922
 56923
 56924
 56930
 56936
 56961
 56973
 56975
 56976
 57009
 57011
 57023
 57043
 57045
 57054
 57057
 57084
 57093
 57104
 57114
 57115
 57116
 57133
 57145
 57197
 57211
 57218
 57234
 57244
 57253
 57270
 57271
 57282
 57285
 57287
 57331
 57333
 57340
 57341
 57344
 57345
 57348
 57377
 57380
 57398
 57427
 57436
 57460
 57464
 57465
 57478
 57501
 57527
 57540
 57541
 57547
 57553
 57566
 57567
 57570
 57572
 57573
 57590
 57594
 57605
 57630
 57659
 57661
 57689
 57690
 57710
 57717
 57730
 57739
 57744
 57748
 57761
 57777
 57780
 57789
 57790
 57797
 57800
 57811
 57818
 57827
 57832
 57850
 57857
 57910
 57937
 57939
 57949
 57951
 57970
 57977
 57994
 58011
 58052
 58062
 58065
 58073
 58081
 58089
 58092
 58107
 58114
 58116
 58119
 58124
 58138
 58147
 58157
 58161
 58162
 58172
 58180
 58191
 58208
 58235
 58252
 58255
 58261
 58267
 58269
 58272
 58294
 58316
 58335
 58402
 58415
 58418
 58457
 58463
 58464
 58483
 58486
 58500
 58502
 58507
 58514
 58535
 58543
 58550
 58551
 58561
 58575
 58586
 58597
 58609
 58642
 58646
 58674
 58675
 58689
 58743
 58746
 58750
 58751
 58757
 58792
 58837
 58840
 58846
 58848
 58856
 58859
 58884
 58888
 58910
 58916
 58924
 58938
 58941
 58949
 58968
 58976
 58980
 58981
 59035
 59044
 59068
 59071
 59096
 59097
 59098
 59124
 59129
 59135
 59168
 59172
 59173
 59184
 59194
 59196
 59200
 59242
 59271
 59282
 59291
 59320
 59322
 59333
 59345
 59347
 59373
 59382
 59404
 59411
 59419
 59423
 59426
 59434
 59445
 59464
 59465
 59467
 59494
 59525
 59535
 59550
 59553
 59564
 59593
 59639
 59662
 59667
 59673
 59676
 59709
 59723
 59816
 59840
 59862
 59898
 59900
 59908
 59910
 59923
 59928
 59955
 59959
 59967
 59975
 59978
 59985
 59988
 60007
 60012
 60021
 60049
 60082
 60101
 60118
 60126
 60127
 60160
 60165
 60175
 60194
 60196
 60201
 60262
 60264
 60270
 60277
 60284
 60297
 60303
 60329
 60336
 60341
 60364
 60379
 60402
 60429
 60432
 60453
 60470
 60484
 60487
 60490
 60491
 60507
 60514
 60520
 60534
 60561
 60573
 60576
 60590
 60600
 60620
 60622
 60624
 60627
 60650
 60652
 60654
 60676
 60682
 60714
 60735
 60847
 60857
 60862
 60865
 60876
 60880
 60884
 60894
 60930
 60939
 60941
 60953
 60958
 60961
 60966
 60970
 60977
 60978
 60979
 60980
 60988
 60991
 61000
 61029
 61035
 61050
 61066
 61076
 61086
 61088
 61100
 61132
 61138
 61140
 61156
 61176
 61183
 61184
 61221
 61239
 61253
 61302
 61333
 61340
 61341
 61349
 61365
 61371
 61377
 61388
 61394
 61410
 61417
 61418
 61420
 61438
 61455
 61489
 61491
 61520
 61557
 61559
 61562
 61570
 61593
 61605
 61610
 61612
 61637
 61675
 61683
 61694
 61715
 61721
 61722
 61738
 61755
 61763
 61775
 61799
 61814
 61819
 61844
 61876
 61883
 61884
 61886
 61905
 61920
 61939
 61946
 61961
 62009
 62010
 62014
 62032
 62053
 62055
 62076
 62079
 62099
 62115
 62131
 62160
 62178
 62202
 62233
 62273
 62285
 62287
 62297
 62307
 62309
 62352
 62367
 62392
 62405
 62409
 62419
 62424
 62436
 62440
 62445
 62481
 62483
 62485
 62491
 62499
 62502
 62503
 62507
 62527
 62531
 62542
 62552
 62562
 62590
 62608
 62637
 62645
 62652
 62664
 62673
 62737
 62764
 62773
 62795
 62804
 62805
 62808
 62813
 62818
 62825
 62850
 62853
 62858
 62872
 62897
 62920
 62944
 62976
 62994
 62995
 63017
 63058
 63063
 63080
 63083
 63097
 63105
 63115
 63129
 63135
 63152
 63176
 63181
 63182
 63200
 63211
 63212
 63214
 63219
 63225
 63235
 63251
 63257
 63264
 63281
 63287
 63288
 63303
 63309
 63320
 63338
 63340
 63350
 63397
 63409
 63424
 63430
 63434
 63440
 63450
 63452
 63454
 63456
 63458
 63468
 63480
 63504
 63511
 63538
 63545
 63548
 63559
 63565
 63571
 63579
 63582
 63586
 63618
 63642
 63650
 63681
 63682
 63685
 63690
 63692
 63695
 63697
 63698
 63724
 63731
 63741
 63749
 63785
 63786
 63793
 63823
 63826
 63848
 63856
 63878
 63879
 63896
 63902
 63917
 63924
 63936
 63938
 63957
 63984
 64016
 64030
 64038
 64054
 64070
 64089
 64091
 64122
 64123
 64131
 64143
 64154
 64158
 64160
 64174
 64178
 64179
 64202
 64207
 64211
 64226
 64247
 64248
 64264
 64274
 64307
 64325
 64334
 64337
 64352
 64374
 64433
 64464
 64469
 64477
 64511
 64514
 64528
 64593
 64604
 64618
 64629
 64663
 64679
 64688
 64697
 64708
 64719
 64726
 64729
 64745
 64758
 64775
 64794
 64816
 64832
 64860
 64863
 64880
 64913
 64939
 64959
 64977
 64991
 65002
 65006
 65008
 65022
 65037
 65038
 65069
 65072
 65088
 65091
 65092
 65096
 65109
 65116
 65118
 65149
 65151
 65163
 65169
 65211
 65217
 65275
 65279
 65288
 65290
 65292
 65316
 65325
 65337
 65339
 65346
 65363
 65376
 65387
 65428
 65449
 65473
 65476
 65477
 65483
 65491
 65492
 65501
 65506
 65511
 65527
 65540
 65542
 65579
 65580
 65596
 65614
 65618
 65627
 65629
 65655
 65658
 65693
 65701
 65711
 65729
 65740
 65745
 65761
 65764
 65766
 65778
 65806
 65809
 65836
 65844
 65849
 65852
 65858
 65866
 65885
 65890
 65893
 65895
 65898
 65900
 65920
 65923
 65946
 65948
 65967
 65973
 66052
 66066
 66067
 66069
 66103
 66113
 66123
 66137
 66139
 66155
 66167
 66182
 66188
 66203
 66228
 66233
 66238
 66269
 66288
 66297
 66302
 66306
 66307
 66325
 66331
 66341
 66353
 66370
 66407
 66411
 66415
 66443
 66497
 66506
 66544
 66605
 66647
 66660
 66665
 66666
 66684
 66695
 66705
 66736
 66742
 66762
 66775
 66789
 66811
 66835
 66861
 66866
 66899
 66910
 66911
 66922
 66924
 66933
 66945
 66959
 66976
 67018
 67042
 67044
 67075
 67079
 67087
 67102
 67138
 67145
 67148
 67149
 67150
 67167
 67172
 67186
 67190
 67216
 67220
 67230
 67241
 67265
 67288
 67301
 67309
 67327
 67348
 67382
 67386
 67415
 67421
 67446
 67451
 67483
 67488
 67497
 67504
 67513
 67516
 67527
 67558
 67559
 67592
 67599
 67606
 67625
 67649
 67650
 67660
 67694
 67710
 67719
 67737
 67738
 67750
 67760
 67772
 67776
 67783
 67788
 67798
 67805
 67815
 67854
 67861
 67867
 67869
 67872
 67895
 67897
 67911
 67912
 67922
 67940
 67961
 67965
 67972
 67977
 67980
 67983
 67995
 68015
 68032
 68043
 68078
 68103
 68126
 68135
 68142
 68149
 68164
 68177
 68182
 68217
 68243
 68247
 68255
 68267
 68279
 68305
 68306
 68310
 68323
 68353
 68368
 68377
 68418
 68493
 68511
 68527
 68528
 68547
 68580
 68588
 68592
 68603
 68610
 68618
 68623
 68677
 68683
 68699
 68728
 68734
 68820
 68821
 68858
 68877
 68878
 68888
 68890
 68907
 68913
 68924
 68931
 68936
 68939
 68966
 68967
 68980
 68989
 68991
 69019
 69029
 69068
 69078
 69095
 69117
 69118
 69119
 69142
 69154
 69161
 69171
 69172
 69187
 69200
 69204
 69206
 69225
 69227
 69229
 69245
 69248
 69263
 69305
 69320
 69326
 69367
 69374
 69398
 69416
 69420
 69421
 69435
 69445
 69458
 69475
 69498
 69508
 69513
 69519
 69561
 69569
 69605
 69606
 69609
 69618
 69628
 69650
 69656
 69675
 69677
 69699
 69738
 69741
 69745
 69748
 69750
 69755
 69779
 69793
 69802
 69807
 69822
 69826
 69833
 69848
 69890
 69909
 69920
 69927
 69950
 69961
 69971
 69977
 69993
 70004
 70015
 70022
 70030
 70032
 70049
 70067
 70069
 70071
 70081
 70096
 70099
 70107
 70143
 70155
 70248
 70272
 70280
 70296
 70298
 70300
 70301
 70323
 70344
 70352
 70359
 70431
 70475
 70494
 70511
 70518
 70537
 70568
 70577
 70594
 70639
 70688
 70721
 70756
 70797
 70798
 70805
 70807
 70831
 70843
 70855
 70899
 70926
 70933
 70943
 70947
 70956
 70960
 70961
 70962
 70967
 70983
 70998
 71012
 71015
 71020
 71034
 71040
 71046
 71056
 71058
 71066
 71084
 71085
 71105
 71123
 71124
 71126
 71152
 71161
 71187
 71195
 71226
 71239
 71256
 71265
 71334
 71355
 71372
 71374
 71389
 71405
 71411
 71447
 71453
 71477
 71487
 71498
 71499
 71501
 71517
 71523
 71524
 71543
 71572
 71607
 71611
 71616
 71617
 71621
 71631
 71644
 71646
 71648
 71673
 71694
 71699
 71720
 71728
 71732
 71743
 71744
 71745
 71768
 71784
 71793
 71806
 71809
 71828
 71831
 71833
 71864
 71891
 71895
 71896
 71903
 71918
 71962
 71964
 71976
 71982
 72005
 72011
 72072
 72081
 72087
 72088
 72104
 72130
 72154
 72171
 72172
 72174
 72175
 72184
 72194
 72203
 72207
 72255
 72301
 72418
 72438
 72459
 72472
 72491
 72500
 72553
 72556
 72567
 72583
 72586
 72590
 72605
 72615
 72629
 72634
 72647
 72651
 72682
 72683
 72691
 72697
 72699
 72716
 72724
 72732
 72747
 72749
 72761
 72771
 72789
 72825
 72880
 72911
 72921
 72936
 72938
 72940
 72947
 72969
 72971
 72988
 72992
 72994
 73013
 73039
 73049
 73084
 73123
 73132
 73141
 73177
 73181
 73192
 73200
 73202
 73215
 73242
 73255
 73277
 73287
 73315
 73322
 73324
 73387
 73388
 73405
 73407
 73431
 73448
 73465
 73499
 73502
 73529
 73539
 73549
 73551
 73585
 73594
 73608
 73615
 73637
 73655
 73666
 73681
 73698
 73701
 73718
 73727
 73747
 73751
 73758
 73760
 73787
 73794
 73809
 73811
 73851
 73897
 73907
 73910
 73925
 73949
 73952
 73961
 73984
 73990
 74023
 74032
 74039
 74046
 74071
 74079
 74085
 74135
 74154
 74163
 74164
 74187
 74229
 74242
 74254
 74272
 74273
 74274
 74301
 74351
 74373
 74422
 74426
 74446
 74465
 74467
 74470
 74477
 74501
 74505
 74510
 74524
 74531
 74550
 74557
 74560
 74562
 74594
 74601
 74606
 74620
 74622
 74623
 74632
 74637
 74679
 74680
 74701
 74710
 74740
 74758
 74770
 74771
 74808
 74831
 74880
 74884
 74903
 74906
 74923
 74966
 74975
 74982
 74983
 74991
 74993
 75028
 75037
 75045
 75075
 75089
 75100
 75102
 75108
 75114
 75124
 75170
 75176
 75178
 75192
 75193
 75213
 75217
 75218
 75265
 75269
 75300
 75308
 75309
 75336
 75398
 75402
 75414
 75416
 75424
 75430
 75437
 75457
 75460
 75491
 75498
 75507
 75532
 75579
 75583
 75600
 75659
 75691
 75703
 75710
 75723
 75730
 75750
 75766
 75779
 75817
 75823
 75840
 75859
 75884
 75897
 75906
 75909
 75916
 75934
 75937
 75938
 75949
 75954
 75955
 75960
 75965
 75971
 75974
 75983
 75996
 76004
 76009
 76018
 76026
 76065
 76068
 76097
 76102
 76118
 76121
 76127
 76130
 76133
 76194
 76202
 76222
 76238
 76245
 76249
 76250
 76262
 76271
 76281
 76284
 76313
 76315
 76334
 76347
 76363
 76375
 76399
 76404
 76436
 76441
 76442
 76461
 76478
 76516
 76551
 76571
 76593
 76598
 76603
 76613
 76619
 76674
 76689
 76696
 76700
 76701
 76708
 76729
 76743
 76757
 76767
 76801
 76802
 76804
 76815
 76829
 76868
 76874
 76932
 76956
 76960
 76961
 76976
 76978
 77014
 77027
 77072
 77079
 77081
 77098
 77124
 77146
 77152
 77167
 77169
 77175
 77177
 77216
 77224
 77235
 77265
 77313
 77317
 77344
 77381
 77387
 77388
 77429
 77511
 77515
 77539
 77559
 77560
 77568
 77569
 77573
 77582
 77602
 77635
 77647
 77651
 77653
 77669
 77676
 77689
 77716
 77718
 77752
 77758
 77770
 77780
 77799
 77800
 77805
 77834
 77874
 77875
 77877
 77896
 77912
 77917
 77926
 77929
 77970
 78004
 78011
 78032
 78048
 78066
 78074
 78110
 78112
 78114
 78217
 78244
 78253
 78319
 78355
 78393
 78425
 78452
 78475
 78480
 78528
 78557
 78574
 78586
 78598
 78613
 78625
 78627
 78629
 78634
 78644
 78653
 78669
 78688
 78700
 78703
 78734
 78781
 78782
 78786
 78820
 78843
 78855
 78863
 78873
 78874
 78881
 78888
 78892
 78893
 78897
 78903
 78912
 78942
 78963
 78966
 78975
 79014
 79017
 79021
 79026
 79028
 79032
 79039
 79119
 79137
 79144
 79153
 79160
 79164
 79166
 79177
 79231
 79237
 79246
 79254
 79261
 79262
 79268
 79269
 79279
 79283
 79288
 79295
 79297
 79307
 79314
 79320
 79324
 79336
 79344
 79391
 79396
 79397
 79418
 79466
 79472
 79485
 79511
 79514
 79529
 79539
 79569
 79584
 79586
 79589
 79628
 79637
 79639


